[0.00118]
[0.00118, 0.00212]
[0.00118, 0.00212, 0.00525]
[0.00118, 0.00212, 0.00525, 0.0127]
[0.00118, 0.00212, 0.00525, 0.0127, 0.02344]
[0.00118, 0.00212, 0.00525, 0.0127, 0.02344, 0.04552]
[0.00118, 0.00212, 0.00525, 0.0127, 0.02344, 0.04552, 0.0489]
[0.00118, 0.00212, 0.00525, 0.0127, 0.02344, 0.04552, 0.0489, 0.05197]
[0.00118, 0.00212, 0.00525, 0.0127, 0.02344, 0.04552, 0.0489, 0.05197, 0.05453]
[0.00118, 0.00212, 0.00525, 0.0127, 0.02344, 0.04552, 0.0489, 0.05197, 0.05453, 0.05646]
[0.00118, 0.00212, 0.00525, 0.0127, 0.02344, 0.04552, 0.0489, 0.05197, 0.05453, 0.05646, 0.05817]
[0.00118, 0.00212, 0.00525, 0.0127, 0.02344, 0.04552, 0.0489, 0.05197, 0.05453, 0.05646, 0.05817, 0.05975]
[0.00118, 0.00212, 0.00525, 0.0127, 0.02344, 0.04552, 0.0489, 0.05197, 0.05453, 0.05646, 0.05817, 0.05975, 0.06083]
[0.00118, 0.00212, 0.00525, 0.0127, 0.02344, 0.04552, 0.0489, 0.05197, 0.05453, 0.05646, 0.05817, 0.05975, 0.06083, 0.06162]
[0.00118, 0.00212, 0.00525, 0.0127, 0.02344, 0.04552, 0.0489, 0.05197, 0.05453, 0.05646, 0.05817, 0.05975, 0.06083, 0.06162, 0.06218]
[0.00118, 0.00212, 0.00525, 0.0127, 0.02344, 0.04552, 0.0489, 0.05197, 0.05453, 0.05646, 0.05817, 0.05975, 0.06083, 0.06162, 0.06218, 0.06277]
[0.00118, 0.00212, 0.00525, 0.0127, 0.02344, 0.04552, 0.0489, 0.05197, 0.05453, 0.05646, 0.05817, 0.05975, 0.06083, 0.06162, 0.06218, 0.06277, 0.06307]
[0.00118, 0.00212, 0.00525, 0.0127, 0.02344, 0.04552, 0.0489, 0.05197, 0.05453, 0.05646, 0.05817, 0.05975, 0.06083, 0.06162, 0.06218, 0.06277, 0.06307, 0.0636]
[0.00118, 0.00212, 0.00525, 0.0127, 0.02344, 0.04552, 0.0489, 0.05197, 0.05453, 0.05646, 0.05817, 0.05975, 0.06083, 0.06162, 0.06218, 0.06277, 0.06307, 0.0636, 0.06376]
[0.00118, 0.00212, 0.00525, 0.0127, 0.02344, 0.04552, 0.0489, 0.05197, 0.05453, 0.05646, 0.05817, 0.05975, 0.06083, 0.06162, 0.06218, 0.06277, 0.06307, 0.0636, 0.06376, 0.06398]
[0.00118, 0.00212, 0.00525, 0.0127, 0.02344, 0.04552, 0.0489, 0.05197, 0.05453, 0.05646, 0.05817, 0.05975, 0.06083, 0.06162, 0.06218, 0.06277, 0.06307, 0.0636, 0.06376, 0.06398, 0.06442]
[0.00118, 0.00212, 0.00525, 0.0127, 0.02344, 0.04552, 0.0489, 0.05197, 0.05453, 0.05646, 0.05817, 0.05975, 0.06083, 0.06162, 0.06218, 0.06277, 0.06307, 0.0636, 0.06376, 0.06398, 0.06442, 0.06468]
[0.00118, 0.00212, 0.00525, 0.0127, 0.02344, 0.04552, 0.0489, 0.05197, 0.05453, 0.05646, 0.05817, 0.05975, 0.06083, 0.06162, 0.06218, 0.06277, 0.06307, 0.0636, 0.06376, 0.06398, 0.06442, 0.06468, 0.06488]
[0.00118, 0.00212, 0.00525, 0.0127, 0.02344, 0.04552, 0.0489, 0.05197, 0.05453, 0.05646, 0.05817, 0.05975, 0.06083, 0.06162, 0.06218, 0.06277, 0.06307, 0.0636, 0.06376, 0.06398, 0.06442, 0.06468, 0.06488, 0.06481]
[0.00118, 0.00212, 0.00525, 0.0127, 0.02344, 0.04552, 0.0489, 0.05197, 0.05453, 0.05646, 0.05817, 0.05975, 0.06083, 0.06162, 0.06218, 0.06277, 0.06307, 0.0636, 0.06376, 0.06398, 0.06442, 0.06468, 0.06488, 0.06481, 0.06489]
[0.00118, 0.00212, 0.00525, 0.0127, 0.02344, 0.04552, 0.0489, 0.05197, 0.05453, 0.05646, 0.05817, 0.05975, 0.06083, 0.06162, 0.06218, 0.06277, 0.06307, 0.0636, 0.06376, 0.06398, 0.06442, 0.06468, 0.06488, 0.06481, 0.06489, 0.06482]
[0.00118, 0.00212, 0.00525, 0.0127, 0.02344, 0.04552, 0.0489, 0.05197, 0.05453, 0.05646, 0.05817, 0.05975, 0.06083, 0.06162, 0.06218, 0.06277, 0.06307, 0.0636, 0.06376, 0.06398, 0.06442, 0.06468, 0.06488, 0.06481, 0.06489, 0.06482, 0.06511]
[0.00118, 0.00212, 0.00525, 0.0127, 0.02344, 0.04552, 0.0489, 0.05197, 0.05453, 0.05646, 0.05817, 0.05975, 0.06083, 0.06162, 0.06218, 0.06277, 0.06307, 0.0636, 0.06376, 0.06398, 0.06442, 0.06468, 0.06488, 0.06481, 0.06489, 0.06482, 0.06511, 0.06499]
[0.00118, 0.00212, 0.00525, 0.0127, 0.02344, 0.04552, 0.0489, 0.05197, 0.05453, 0.05646, 0.05817, 0.05975, 0.06083, 0.06162, 0.06218, 0.06277, 0.06307, 0.0636, 0.06376, 0.06398, 0.06442, 0.06468, 0.06488, 0.06481, 0.06489, 0.06482, 0.06511, 0.06499, 0.06512]
[0.00118, 0.00212, 0.00525, 0.0127, 0.02344, 0.04552, 0.0489, 0.05197, 0.05453, 0.05646, 0.05817, 0.05975, 0.06083, 0.06162, 0.06218, 0.06277, 0.06307, 0.0636, 0.06376, 0.06398, 0.06442, 0.06468, 0.06488, 0.06481, 0.06489, 0.06482, 0.06511, 0.06499, 0.06512, 0.065]
[0.00118, 0.00212, 0.00525, 0.0127, 0.02344, 0.04552, 0.0489, 0.05197, 0.05453, 0.05646, 0.05817, 0.05975, 0.06083, 0.06162, 0.06218, 0.06277, 0.06307, 0.0636, 0.06376, 0.06398, 0.06442, 0.06468, 0.06488, 0.06481, 0.06489, 0.06482, 0.06511, 0.06499, 0.06512, 0.065, 0.06495]
[0.00118, 0.00212, 0.00525, 0.0127, 0.02344, 0.04552, 0.0489, 0.05197, 0.05453, 0.05646, 0.05817, 0.05975, 0.06083, 0.06162, 0.06218, 0.06277, 0.06307, 0.0636, 0.06376, 0.06398, 0.06442, 0.06468, 0.06488, 0.06481, 0.06489, 0.06482, 0.06511, 0.06499, 0.06512, 0.065, 0.06495, 0.06482]
[0.00118, 0.00212, 0.00525, 0.0127, 0.02344, 0.04552, 0.0489, 0.05197, 0.05453, 0.05646, 0.05817, 0.05975, 0.06083, 0.06162, 0.06218, 0.06277, 0.06307, 0.0636, 0.06376, 0.06398, 0.06442, 0.06468, 0.06488, 0.06481, 0.06489, 0.06482, 0.06511, 0.06499, 0.06512, 0.065, 0.06495, 0.06482, 0.06467]
[0.00118, 0.00212, 0.00525, 0.0127, 0.02344, 0.04552, 0.0489, 0.05197, 0.05453, 0.05646, 0.05817, 0.05975, 0.06083, 0.06162, 0.06218, 0.06277, 0.06307, 0.0636, 0.06376, 0.06398, 0.06442, 0.06468, 0.06488, 0.06481, 0.06489, 0.06482, 0.06511, 0.06499, 0.06512, 0.065, 0.06495, 0.06482, 0.06467, 0.06453]
[0.00118, 0.00212, 0.00525, 0.0127, 0.02344, 0.04552, 0.0489, 0.05197, 0.05453, 0.05646, 0.05817, 0.05975, 0.06083, 0.06162, 0.06218, 0.06277, 0.06307, 0.0636, 0.06376, 0.06398, 0.06442, 0.06468, 0.06488, 0.06481, 0.06489, 0.06482, 0.06511, 0.06499, 0.06512, 0.065, 0.06495, 0.06482, 0.06467, 0.06453, 0.0645]
[0.00118, 0.00212, 0.00525, 0.0127, 0.02344, 0.04552, 0.0489, 0.05197, 0.05453, 0.05646, 0.05817, 0.05975, 0.06083, 0.06162, 0.06218, 0.06277, 0.06307, 0.0636, 0.06376, 0.06398, 0.06442, 0.06468, 0.06488, 0.06481, 0.06489, 0.06482, 0.06511, 0.06499, 0.06512, 0.065, 0.06495, 0.06482, 0.06467, 0.06453, 0.0645, 0.06449]
[0.00118, 0.00212, 0.00525, 0.0127, 0.02344, 0.04552, 0.0489, 0.05197, 0.05453, 0.05646, 0.05817, 0.05975, 0.06083, 0.06162, 0.06218, 0.06277, 0.06307, 0.0636, 0.06376, 0.06398, 0.06442, 0.06468, 0.06488, 0.06481, 0.06489, 0.06482, 0.06511, 0.06499, 0.06512, 0.065, 0.06495, 0.06482, 0.06467, 0.06453, 0.0645, 0.06449, 0.06428]
[0.00118, 0.00212, 0.00525, 0.0127, 0.02344, 0.04552, 0.0489, 0.05197, 0.05453, 0.05646, 0.05817, 0.05975, 0.06083, 0.06162, 0.06218, 0.06277, 0.06307, 0.0636, 0.06376, 0.06398, 0.06442, 0.06468, 0.06488, 0.06481, 0.06489, 0.06482, 0.06511, 0.06499, 0.06512, 0.065, 0.06495, 0.06482, 0.06467, 0.06453, 0.0645, 0.06449, 0.06428, 0.06425]
[0.00118, 0.00212, 0.00525, 0.0127, 0.02344, 0.04552, 0.0489, 0.05197, 0.05453, 0.05646, 0.05817, 0.05975, 0.06083, 0.06162, 0.06218, 0.06277, 0.06307, 0.0636, 0.06376, 0.06398, 0.06442, 0.06468, 0.06488, 0.06481, 0.06489, 0.06482, 0.06511, 0.06499, 0.06512, 0.065, 0.06495, 0.06482, 0.06467, 0.06453, 0.0645, 0.06449, 0.06428, 0.06425, 0.06398]
[0.00118, 0.00212, 0.00525, 0.0127, 0.02344, 0.04552, 0.0489, 0.05197, 0.05453, 0.05646, 0.05817, 0.05975, 0.06083, 0.06162, 0.06218, 0.06277, 0.06307, 0.0636, 0.06376, 0.06398, 0.06442, 0.06468, 0.06488, 0.06481, 0.06489, 0.06482, 0.06511, 0.06499, 0.06512, 0.065, 0.06495, 0.06482, 0.06467, 0.06453, 0.0645, 0.06449, 0.06428, 0.06425, 0.06398, 0.06379]
[0.00118, 0.00212, 0.00525, 0.0127, 0.02344, 0.04552, 0.0489, 0.05197, 0.05453, 0.05646, 0.05817, 0.05975, 0.06083, 0.06162, 0.06218, 0.06277, 0.06307, 0.0636, 0.06376, 0.06398, 0.06442, 0.06468, 0.06488, 0.06481, 0.06489, 0.06482, 0.06511, 0.06499, 0.06512, 0.065, 0.06495, 0.06482, 0.06467, 0.06453, 0.0645, 0.06449, 0.06428, 0.06425, 0.06398, 0.06379, 0.06374]
[0.00118, 0.00212, 0.00525, 0.0127, 0.02344, 0.04552, 0.0489, 0.05197, 0.05453, 0.05646, 0.05817, 0.05975, 0.06083, 0.06162, 0.06218, 0.06277, 0.06307, 0.0636, 0.06376, 0.06398, 0.06442, 0.06468, 0.06488, 0.06481, 0.06489, 0.06482, 0.06511, 0.06499, 0.06512, 0.065, 0.06495, 0.06482, 0.06467, 0.06453, 0.0645, 0.06449, 0.06428, 0.06425, 0.06398, 0.06379, 0.06374, 0.06347]
[0.00118, 0.00212, 0.00525, 0.0127, 0.02344, 0.04552, 0.0489, 0.05197, 0.05453, 0.05646, 0.05817, 0.05975, 0.06083, 0.06162, 0.06218, 0.06277, 0.06307, 0.0636, 0.06376, 0.06398, 0.06442, 0.06468, 0.06488, 0.06481, 0.06489, 0.06482, 0.06511, 0.06499, 0.06512, 0.065, 0.06495, 0.06482, 0.06467, 0.06453, 0.0645, 0.06449, 0.06428, 0.06425, 0.06398, 0.06379, 0.06374, 0.06347, 0.06332]
[0.00118, 0.00212, 0.00525, 0.0127, 0.02344, 0.04552, 0.0489, 0.05197, 0.05453, 0.05646, 0.05817, 0.05975, 0.06083, 0.06162, 0.06218, 0.06277, 0.06307, 0.0636, 0.06376, 0.06398, 0.06442, 0.06468, 0.06488, 0.06481, 0.06489, 0.06482, 0.06511, 0.06499, 0.06512, 0.065, 0.06495, 0.06482, 0.06467, 0.06453, 0.0645, 0.06449, 0.06428, 0.06425, 0.06398, 0.06379, 0.06374, 0.06347, 0.06332, 0.06325]
[0.00118, 0.00212, 0.00525, 0.0127, 0.02344, 0.04552, 0.0489, 0.05197, 0.05453, 0.05646, 0.05817, 0.05975, 0.06083, 0.06162, 0.06218, 0.06277, 0.06307, 0.0636, 0.06376, 0.06398, 0.06442, 0.06468, 0.06488, 0.06481, 0.06489, 0.06482, 0.06511, 0.06499, 0.06512, 0.065, 0.06495, 0.06482, 0.06467, 0.06453, 0.0645, 0.06449, 0.06428, 0.06425, 0.06398, 0.06379, 0.06374, 0.06347, 0.06332, 0.06325, 0.06299]
[0.00118, 0.00212, 0.00525, 0.0127, 0.02344, 0.04552, 0.0489, 0.05197, 0.05453, 0.05646, 0.05817, 0.05975, 0.06083, 0.06162, 0.06218, 0.06277, 0.06307, 0.0636, 0.06376, 0.06398, 0.06442, 0.06468, 0.06488, 0.06481, 0.06489, 0.06482, 0.06511, 0.06499, 0.06512, 0.065, 0.06495, 0.06482, 0.06467, 0.06453, 0.0645, 0.06449, 0.06428, 0.06425, 0.06398, 0.06379, 0.06374, 0.06347, 0.06332, 0.06325, 0.06299, 0.06299]
[0.00118, 0.00212, 0.00525, 0.0127, 0.02344, 0.04552, 0.0489, 0.05197, 0.05453, 0.05646, 0.05817, 0.05975, 0.06083, 0.06162, 0.06218, 0.06277, 0.06307, 0.0636, 0.06376, 0.06398, 0.06442, 0.06468, 0.06488, 0.06481, 0.06489, 0.06482, 0.06511, 0.06499, 0.06512, 0.065, 0.06495, 0.06482, 0.06467, 0.06453, 0.0645, 0.06449, 0.06428, 0.06425, 0.06398, 0.06379, 0.06374, 0.06347, 0.06332, 0.06325, 0.06299, 0.06299, 0.06273]
[0.00118, 0.00212, 0.00525, 0.0127, 0.02344, 0.04552, 0.0489, 0.05197, 0.05453, 0.05646, 0.05817, 0.05975, 0.06083, 0.06162, 0.06218, 0.06277, 0.06307, 0.0636, 0.06376, 0.06398, 0.06442, 0.06468, 0.06488, 0.06481, 0.06489, 0.06482, 0.06511, 0.06499, 0.06512, 0.065, 0.06495, 0.06482, 0.06467, 0.06453, 0.0645, 0.06449, 0.06428, 0.06425, 0.06398, 0.06379, 0.06374, 0.06347, 0.06332, 0.06325, 0.06299, 0.06299, 0.06273, 0.06265]
[0.00118, 0.00212, 0.00525, 0.0127, 0.02344, 0.04552, 0.0489, 0.05197, 0.05453, 0.05646, 0.05817, 0.05975, 0.06083, 0.06162, 0.06218, 0.06277, 0.06307, 0.0636, 0.06376, 0.06398, 0.06442, 0.06468, 0.06488, 0.06481, 0.06489, 0.06482, 0.06511, 0.06499, 0.06512, 0.065, 0.06495, 0.06482, 0.06467, 0.06453, 0.0645, 0.06449, 0.06428, 0.06425, 0.06398, 0.06379, 0.06374, 0.06347, 0.06332, 0.06325, 0.06299, 0.06299, 0.06273, 0.06265, 0.0626]
[0.00118, 0.00212, 0.00525, 0.0127, 0.02344, 0.04552, 0.0489, 0.05197, 0.05453, 0.05646, 0.05817, 0.05975, 0.06083, 0.06162, 0.06218, 0.06277, 0.06307, 0.0636, 0.06376, 0.06398, 0.06442, 0.06468, 0.06488, 0.06481, 0.06489, 0.06482, 0.06511, 0.06499, 0.06512, 0.065, 0.06495, 0.06482, 0.06467, 0.06453, 0.0645, 0.06449, 0.06428, 0.06425, 0.06398, 0.06379, 0.06374, 0.06347, 0.06332, 0.06325, 0.06299, 0.06299, 0.06273, 0.06265, 0.0626, 0.06239]
[0.00118, 0.00212, 0.00525, 0.0127, 0.02344, 0.04552, 0.0489, 0.05197, 0.05453, 0.05646, 0.05817, 0.05975, 0.06083, 0.06162, 0.06218, 0.06277, 0.06307, 0.0636, 0.06376, 0.06398, 0.06442, 0.06468, 0.06488, 0.06481, 0.06489, 0.06482, 0.06511, 0.06499, 0.06512, 0.065, 0.06495, 0.06482, 0.06467, 0.06453, 0.0645, 0.06449, 0.06428, 0.06425, 0.06398, 0.06379, 0.06374, 0.06347, 0.06332, 0.06325, 0.06299, 0.06299, 0.06273, 0.06265, 0.0626, 0.06239, 0.06236]
[0.00118, 0.00212, 0.00525, 0.0127, 0.02344, 0.04552, 0.0489, 0.05197, 0.05453, 0.05646, 0.05817, 0.05975, 0.06083, 0.06162, 0.06218, 0.06277, 0.06307, 0.0636, 0.06376, 0.06398, 0.06442, 0.06468, 0.06488, 0.06481, 0.06489, 0.06482, 0.06511, 0.06499, 0.06512, 0.065, 0.06495, 0.06482, 0.06467, 0.06453, 0.0645, 0.06449, 0.06428, 0.06425, 0.06398, 0.06379, 0.06374, 0.06347, 0.06332, 0.06325, 0.06299, 0.06299, 0.06273, 0.06265, 0.0626, 0.06239, 0.06236, 0.06202]
[0.00118, 0.00212, 0.00525, 0.0127, 0.02344, 0.04552, 0.0489, 0.05197, 0.05453, 0.05646, 0.05817, 0.05975, 0.06083, 0.06162, 0.06218, 0.06277, 0.06307, 0.0636, 0.06376, 0.06398, 0.06442, 0.06468, 0.06488, 0.06481, 0.06489, 0.06482, 0.06511, 0.06499, 0.06512, 0.065, 0.06495, 0.06482, 0.06467, 0.06453, 0.0645, 0.06449, 0.06428, 0.06425, 0.06398, 0.06379, 0.06374, 0.06347, 0.06332, 0.06325, 0.06299, 0.06299, 0.06273, 0.06265, 0.0626, 0.06239, 0.06236, 0.06202, 0.06193]
[0.00118, 0.00212, 0.00525, 0.0127, 0.02344, 0.04552, 0.0489, 0.05197, 0.05453, 0.05646, 0.05817, 0.05975, 0.06083, 0.06162, 0.06218, 0.06277, 0.06307, 0.0636, 0.06376, 0.06398, 0.06442, 0.06468, 0.06488, 0.06481, 0.06489, 0.06482, 0.06511, 0.06499, 0.06512, 0.065, 0.06495, 0.06482, 0.06467, 0.06453, 0.0645, 0.06449, 0.06428, 0.06425, 0.06398, 0.06379, 0.06374, 0.06347, 0.06332, 0.06325, 0.06299, 0.06299, 0.06273, 0.06265, 0.0626, 0.06239, 0.06236, 0.06202, 0.06193, 0.06167]
[0.00118, 0.00212, 0.00525, 0.0127, 0.02344, 0.04552, 0.0489, 0.05197, 0.05453, 0.05646, 0.05817, 0.05975, 0.06083, 0.06162, 0.06218, 0.06277, 0.06307, 0.0636, 0.06376, 0.06398, 0.06442, 0.06468, 0.06488, 0.06481, 0.06489, 0.06482, 0.06511, 0.06499, 0.06512, 0.065, 0.06495, 0.06482, 0.06467, 0.06453, 0.0645, 0.06449, 0.06428, 0.06425, 0.06398, 0.06379, 0.06374, 0.06347, 0.06332, 0.06325, 0.06299, 0.06299, 0.06273, 0.06265, 0.0626, 0.06239, 0.06236, 0.06202, 0.06193, 0.06167, 0.06163]
[0.00118, 0.00212, 0.00525, 0.0127, 0.02344, 0.04552, 0.0489, 0.05197, 0.05453, 0.05646, 0.05817, 0.05975, 0.06083, 0.06162, 0.06218, 0.06277, 0.06307, 0.0636, 0.06376, 0.06398, 0.06442, 0.06468, 0.06488, 0.06481, 0.06489, 0.06482, 0.06511, 0.06499, 0.06512, 0.065, 0.06495, 0.06482, 0.06467, 0.06453, 0.0645, 0.06449, 0.06428, 0.06425, 0.06398, 0.06379, 0.06374, 0.06347, 0.06332, 0.06325, 0.06299, 0.06299, 0.06273, 0.06265, 0.0626, 0.06239, 0.06236, 0.06202, 0.06193, 0.06167, 0.06163, 0.06148]
[0.00118, 0.00212, 0.00525, 0.0127, 0.02344, 0.04552, 0.0489, 0.05197, 0.05453, 0.05646, 0.05817, 0.05975, 0.06083, 0.06162, 0.06218, 0.06277, 0.06307, 0.0636, 0.06376, 0.06398, 0.06442, 0.06468, 0.06488, 0.06481, 0.06489, 0.06482, 0.06511, 0.06499, 0.06512, 0.065, 0.06495, 0.06482, 0.06467, 0.06453, 0.0645, 0.06449, 0.06428, 0.06425, 0.06398, 0.06379, 0.06374, 0.06347, 0.06332, 0.06325, 0.06299, 0.06299, 0.06273, 0.06265, 0.0626, 0.06239, 0.06236, 0.06202, 0.06193, 0.06167, 0.06163, 0.06148, 0.06147]
[0.00118, 0.00212, 0.00525, 0.0127, 0.02344, 0.04552, 0.0489, 0.05197, 0.05453, 0.05646, 0.05817, 0.05975, 0.06083, 0.06162, 0.06218, 0.06277, 0.06307, 0.0636, 0.06376, 0.06398, 0.06442, 0.06468, 0.06488, 0.06481, 0.06489, 0.06482, 0.06511, 0.06499, 0.06512, 0.065, 0.06495, 0.06482, 0.06467, 0.06453, 0.0645, 0.06449, 0.06428, 0.06425, 0.06398, 0.06379, 0.06374, 0.06347, 0.06332, 0.06325, 0.06299, 0.06299, 0.06273, 0.06265, 0.0626, 0.06239, 0.06236, 0.06202, 0.06193, 0.06167, 0.06163, 0.06148, 0.06147, 0.06111]
[0.00118, 0.00212, 0.00525, 0.0127, 0.02344, 0.04552, 0.0489, 0.05197, 0.05453, 0.05646, 0.05817, 0.05975, 0.06083, 0.06162, 0.06218, 0.06277, 0.06307, 0.0636, 0.06376, 0.06398, 0.06442, 0.06468, 0.06488, 0.06481, 0.06489, 0.06482, 0.06511, 0.06499, 0.06512, 0.065, 0.06495, 0.06482, 0.06467, 0.06453, 0.0645, 0.06449, 0.06428, 0.06425, 0.06398, 0.06379, 0.06374, 0.06347, 0.06332, 0.06325, 0.06299, 0.06299, 0.06273, 0.06265, 0.0626, 0.06239, 0.06236, 0.06202, 0.06193, 0.06167, 0.06163, 0.06148, 0.06147, 0.06111, 0.06102]
[0.00118, 0.00212, 0.00525, 0.0127, 0.02344, 0.04552, 0.0489, 0.05197, 0.05453, 0.05646, 0.05817, 0.05975, 0.06083, 0.06162, 0.06218, 0.06277, 0.06307, 0.0636, 0.06376, 0.06398, 0.06442, 0.06468, 0.06488, 0.06481, 0.06489, 0.06482, 0.06511, 0.06499, 0.06512, 0.065, 0.06495, 0.06482, 0.06467, 0.06453, 0.0645, 0.06449, 0.06428, 0.06425, 0.06398, 0.06379, 0.06374, 0.06347, 0.06332, 0.06325, 0.06299, 0.06299, 0.06273, 0.06265, 0.0626, 0.06239, 0.06236, 0.06202, 0.06193, 0.06167, 0.06163, 0.06148, 0.06147, 0.06111, 0.06102, 0.06105]
[0.00118, 0.00212, 0.00525, 0.0127, 0.02344, 0.04552, 0.0489, 0.05197, 0.05453, 0.05646, 0.05817, 0.05975, 0.06083, 0.06162, 0.06218, 0.06277, 0.06307, 0.0636, 0.06376, 0.06398, 0.06442, 0.06468, 0.06488, 0.06481, 0.06489, 0.06482, 0.06511, 0.06499, 0.06512, 0.065, 0.06495, 0.06482, 0.06467, 0.06453, 0.0645, 0.06449, 0.06428, 0.06425, 0.06398, 0.06379, 0.06374, 0.06347, 0.06332, 0.06325, 0.06299, 0.06299, 0.06273, 0.06265, 0.0626, 0.06239, 0.06236, 0.06202, 0.06193, 0.06167, 0.06163, 0.06148, 0.06147, 0.06111, 0.06102, 0.06105, 0.06092]
[0.00118, 0.00212, 0.00525, 0.0127, 0.02344, 0.04552, 0.0489, 0.05197, 0.05453, 0.05646, 0.05817, 0.05975, 0.06083, 0.06162, 0.06218, 0.06277, 0.06307, 0.0636, 0.06376, 0.06398, 0.06442, 0.06468, 0.06488, 0.06481, 0.06489, 0.06482, 0.06511, 0.06499, 0.06512, 0.065, 0.06495, 0.06482, 0.06467, 0.06453, 0.0645, 0.06449, 0.06428, 0.06425, 0.06398, 0.06379, 0.06374, 0.06347, 0.06332, 0.06325, 0.06299, 0.06299, 0.06273, 0.06265, 0.0626, 0.06239, 0.06236, 0.06202, 0.06193, 0.06167, 0.06163, 0.06148, 0.06147, 0.06111, 0.06102, 0.06105, 0.06092, 0.06068]
[0.00118, 0.00212, 0.00525, 0.0127, 0.02344, 0.04552, 0.0489, 0.05197, 0.05453, 0.05646, 0.05817, 0.05975, 0.06083, 0.06162, 0.06218, 0.06277, 0.06307, 0.0636, 0.06376, 0.06398, 0.06442, 0.06468, 0.06488, 0.06481, 0.06489, 0.06482, 0.06511, 0.06499, 0.06512, 0.065, 0.06495, 0.06482, 0.06467, 0.06453, 0.0645, 0.06449, 0.06428, 0.06425, 0.06398, 0.06379, 0.06374, 0.06347, 0.06332, 0.06325, 0.06299, 0.06299, 0.06273, 0.06265, 0.0626, 0.06239, 0.06236, 0.06202, 0.06193, 0.06167, 0.06163, 0.06148, 0.06147, 0.06111, 0.06102, 0.06105, 0.06092, 0.06068, 0.06049]
[0.00118, 0.00212, 0.00525, 0.0127, 0.02344, 0.04552, 0.0489, 0.05197, 0.05453, 0.05646, 0.05817, 0.05975, 0.06083, 0.06162, 0.06218, 0.06277, 0.06307, 0.0636, 0.06376, 0.06398, 0.06442, 0.06468, 0.06488, 0.06481, 0.06489, 0.06482, 0.06511, 0.06499, 0.06512, 0.065, 0.06495, 0.06482, 0.06467, 0.06453, 0.0645, 0.06449, 0.06428, 0.06425, 0.06398, 0.06379, 0.06374, 0.06347, 0.06332, 0.06325, 0.06299, 0.06299, 0.06273, 0.06265, 0.0626, 0.06239, 0.06236, 0.06202, 0.06193, 0.06167, 0.06163, 0.06148, 0.06147, 0.06111, 0.06102, 0.06105, 0.06092, 0.06068, 0.06049, 0.06019]
[0.00118, 0.00212, 0.00525, 0.0127, 0.02344, 0.04552, 0.0489, 0.05197, 0.05453, 0.05646, 0.05817, 0.05975, 0.06083, 0.06162, 0.06218, 0.06277, 0.06307, 0.0636, 0.06376, 0.06398, 0.06442, 0.06468, 0.06488, 0.06481, 0.06489, 0.06482, 0.06511, 0.06499, 0.06512, 0.065, 0.06495, 0.06482, 0.06467, 0.06453, 0.0645, 0.06449, 0.06428, 0.06425, 0.06398, 0.06379, 0.06374, 0.06347, 0.06332, 0.06325, 0.06299, 0.06299, 0.06273, 0.06265, 0.0626, 0.06239, 0.06236, 0.06202, 0.06193, 0.06167, 0.06163, 0.06148, 0.06147, 0.06111, 0.06102, 0.06105, 0.06092, 0.06068, 0.06049, 0.06019, 0.06002]
[0.00118, 0.00212, 0.00525, 0.0127, 0.02344, 0.04552, 0.0489, 0.05197, 0.05453, 0.05646, 0.05817, 0.05975, 0.06083, 0.06162, 0.06218, 0.06277, 0.06307, 0.0636, 0.06376, 0.06398, 0.06442, 0.06468, 0.06488, 0.06481, 0.06489, 0.06482, 0.06511, 0.06499, 0.06512, 0.065, 0.06495, 0.06482, 0.06467, 0.06453, 0.0645, 0.06449, 0.06428, 0.06425, 0.06398, 0.06379, 0.06374, 0.06347, 0.06332, 0.06325, 0.06299, 0.06299, 0.06273, 0.06265, 0.0626, 0.06239, 0.06236, 0.06202, 0.06193, 0.06167, 0.06163, 0.06148, 0.06147, 0.06111, 0.06102, 0.06105, 0.06092, 0.06068, 0.06049, 0.06019, 0.06002, 0.05998]
[0.00118, 0.00212, 0.00525, 0.0127, 0.02344, 0.04552, 0.0489, 0.05197, 0.05453, 0.05646, 0.05817, 0.05975, 0.06083, 0.06162, 0.06218, 0.06277, 0.06307, 0.0636, 0.06376, 0.06398, 0.06442, 0.06468, 0.06488, 0.06481, 0.06489, 0.06482, 0.06511, 0.06499, 0.06512, 0.065, 0.06495, 0.06482, 0.06467, 0.06453, 0.0645, 0.06449, 0.06428, 0.06425, 0.06398, 0.06379, 0.06374, 0.06347, 0.06332, 0.06325, 0.06299, 0.06299, 0.06273, 0.06265, 0.0626, 0.06239, 0.06236, 0.06202, 0.06193, 0.06167, 0.06163, 0.06148, 0.06147, 0.06111, 0.06102, 0.06105, 0.06092, 0.06068, 0.06049, 0.06019, 0.06002, 0.05998, 0.05967]
[0.00118, 0.00212, 0.00525, 0.0127, 0.02344, 0.04552, 0.0489, 0.05197, 0.05453, 0.05646, 0.05817, 0.05975, 0.06083, 0.06162, 0.06218, 0.06277, 0.06307, 0.0636, 0.06376, 0.06398, 0.06442, 0.06468, 0.06488, 0.06481, 0.06489, 0.06482, 0.06511, 0.06499, 0.06512, 0.065, 0.06495, 0.06482, 0.06467, 0.06453, 0.0645, 0.06449, 0.06428, 0.06425, 0.06398, 0.06379, 0.06374, 0.06347, 0.06332, 0.06325, 0.06299, 0.06299, 0.06273, 0.06265, 0.0626, 0.06239, 0.06236, 0.06202, 0.06193, 0.06167, 0.06163, 0.06148, 0.06147, 0.06111, 0.06102, 0.06105, 0.06092, 0.06068, 0.06049, 0.06019, 0.06002, 0.05998, 0.05967, 0.05954]
[0.00118, 0.00212, 0.00525, 0.0127, 0.02344, 0.04552, 0.0489, 0.05197, 0.05453, 0.05646, 0.05817, 0.05975, 0.06083, 0.06162, 0.06218, 0.06277, 0.06307, 0.0636, 0.06376, 0.06398, 0.06442, 0.06468, 0.06488, 0.06481, 0.06489, 0.06482, 0.06511, 0.06499, 0.06512, 0.065, 0.06495, 0.06482, 0.06467, 0.06453, 0.0645, 0.06449, 0.06428, 0.06425, 0.06398, 0.06379, 0.06374, 0.06347, 0.06332, 0.06325, 0.06299, 0.06299, 0.06273, 0.06265, 0.0626, 0.06239, 0.06236, 0.06202, 0.06193, 0.06167, 0.06163, 0.06148, 0.06147, 0.06111, 0.06102, 0.06105, 0.06092, 0.06068, 0.06049, 0.06019, 0.06002, 0.05998, 0.05967, 0.05954, 0.05933]
[0.00118, 0.00212, 0.00525, 0.0127, 0.02344, 0.04552, 0.0489, 0.05197, 0.05453, 0.05646, 0.05817, 0.05975, 0.06083, 0.06162, 0.06218, 0.06277, 0.06307, 0.0636, 0.06376, 0.06398, 0.06442, 0.06468, 0.06488, 0.06481, 0.06489, 0.06482, 0.06511, 0.06499, 0.06512, 0.065, 0.06495, 0.06482, 0.06467, 0.06453, 0.0645, 0.06449, 0.06428, 0.06425, 0.06398, 0.06379, 0.06374, 0.06347, 0.06332, 0.06325, 0.06299, 0.06299, 0.06273, 0.06265, 0.0626, 0.06239, 0.06236, 0.06202, 0.06193, 0.06167, 0.06163, 0.06148, 0.06147, 0.06111, 0.06102, 0.06105, 0.06092, 0.06068, 0.06049, 0.06019, 0.06002, 0.05998, 0.05967, 0.05954, 0.05933, 0.05918]
[0.00118, 0.00212, 0.00525, 0.0127, 0.02344, 0.04552, 0.0489, 0.05197, 0.05453, 0.05646, 0.05817, 0.05975, 0.06083, 0.06162, 0.06218, 0.06277, 0.06307, 0.0636, 0.06376, 0.06398, 0.06442, 0.06468, 0.06488, 0.06481, 0.06489, 0.06482, 0.06511, 0.06499, 0.06512, 0.065, 0.06495, 0.06482, 0.06467, 0.06453, 0.0645, 0.06449, 0.06428, 0.06425, 0.06398, 0.06379, 0.06374, 0.06347, 0.06332, 0.06325, 0.06299, 0.06299, 0.06273, 0.06265, 0.0626, 0.06239, 0.06236, 0.06202, 0.06193, 0.06167, 0.06163, 0.06148, 0.06147, 0.06111, 0.06102, 0.06105, 0.06092, 0.06068, 0.06049, 0.06019, 0.06002, 0.05998, 0.05967, 0.05954, 0.05933, 0.05918, 0.05902]
[0.00118, 0.00212, 0.00525, 0.0127, 0.02344, 0.04552, 0.0489, 0.05197, 0.05453, 0.05646, 0.05817, 0.05975, 0.06083, 0.06162, 0.06218, 0.06277, 0.06307, 0.0636, 0.06376, 0.06398, 0.06442, 0.06468, 0.06488, 0.06481, 0.06489, 0.06482, 0.06511, 0.06499, 0.06512, 0.065, 0.06495, 0.06482, 0.06467, 0.06453, 0.0645, 0.06449, 0.06428, 0.06425, 0.06398, 0.06379, 0.06374, 0.06347, 0.06332, 0.06325, 0.06299, 0.06299, 0.06273, 0.06265, 0.0626, 0.06239, 0.06236, 0.06202, 0.06193, 0.06167, 0.06163, 0.06148, 0.06147, 0.06111, 0.06102, 0.06105, 0.06092, 0.06068, 0.06049, 0.06019, 0.06002, 0.05998, 0.05967, 0.05954, 0.05933, 0.05918, 0.05902, 0.05898]
[0.00118, 0.00212, 0.00525, 0.0127, 0.02344, 0.04552, 0.0489, 0.05197, 0.05453, 0.05646, 0.05817, 0.05975, 0.06083, 0.06162, 0.06218, 0.06277, 0.06307, 0.0636, 0.06376, 0.06398, 0.06442, 0.06468, 0.06488, 0.06481, 0.06489, 0.06482, 0.06511, 0.06499, 0.06512, 0.065, 0.06495, 0.06482, 0.06467, 0.06453, 0.0645, 0.06449, 0.06428, 0.06425, 0.06398, 0.06379, 0.06374, 0.06347, 0.06332, 0.06325, 0.06299, 0.06299, 0.06273, 0.06265, 0.0626, 0.06239, 0.06236, 0.06202, 0.06193, 0.06167, 0.06163, 0.06148, 0.06147, 0.06111, 0.06102, 0.06105, 0.06092, 0.06068, 0.06049, 0.06019, 0.06002, 0.05998, 0.05967, 0.05954, 0.05933, 0.05918, 0.05902, 0.05898, 0.05888]
[0.00118, 0.00212, 0.00525, 0.0127, 0.02344, 0.04552, 0.0489, 0.05197, 0.05453, 0.05646, 0.05817, 0.05975, 0.06083, 0.06162, 0.06218, 0.06277, 0.06307, 0.0636, 0.06376, 0.06398, 0.06442, 0.06468, 0.06488, 0.06481, 0.06489, 0.06482, 0.06511, 0.06499, 0.06512, 0.065, 0.06495, 0.06482, 0.06467, 0.06453, 0.0645, 0.06449, 0.06428, 0.06425, 0.06398, 0.06379, 0.06374, 0.06347, 0.06332, 0.06325, 0.06299, 0.06299, 0.06273, 0.06265, 0.0626, 0.06239, 0.06236, 0.06202, 0.06193, 0.06167, 0.06163, 0.06148, 0.06147, 0.06111, 0.06102, 0.06105, 0.06092, 0.06068, 0.06049, 0.06019, 0.06002, 0.05998, 0.05967, 0.05954, 0.05933, 0.05918, 0.05902, 0.05898, 0.05888, 0.05863]
[0.00118, 0.00212, 0.00525, 0.0127, 0.02344, 0.04552, 0.0489, 0.05197, 0.05453, 0.05646, 0.05817, 0.05975, 0.06083, 0.06162, 0.06218, 0.06277, 0.06307, 0.0636, 0.06376, 0.06398, 0.06442, 0.06468, 0.06488, 0.06481, 0.06489, 0.06482, 0.06511, 0.06499, 0.06512, 0.065, 0.06495, 0.06482, 0.06467, 0.06453, 0.0645, 0.06449, 0.06428, 0.06425, 0.06398, 0.06379, 0.06374, 0.06347, 0.06332, 0.06325, 0.06299, 0.06299, 0.06273, 0.06265, 0.0626, 0.06239, 0.06236, 0.06202, 0.06193, 0.06167, 0.06163, 0.06148, 0.06147, 0.06111, 0.06102, 0.06105, 0.06092, 0.06068, 0.06049, 0.06019, 0.06002, 0.05998, 0.05967, 0.05954, 0.05933, 0.05918, 0.05902, 0.05898, 0.05888, 0.05863, 0.0584]
[0.00118, 0.00212, 0.00525, 0.0127, 0.02344, 0.04552, 0.0489, 0.05197, 0.05453, 0.05646, 0.05817, 0.05975, 0.06083, 0.06162, 0.06218, 0.06277, 0.06307, 0.0636, 0.06376, 0.06398, 0.06442, 0.06468, 0.06488, 0.06481, 0.06489, 0.06482, 0.06511, 0.06499, 0.06512, 0.065, 0.06495, 0.06482, 0.06467, 0.06453, 0.0645, 0.06449, 0.06428, 0.06425, 0.06398, 0.06379, 0.06374, 0.06347, 0.06332, 0.06325, 0.06299, 0.06299, 0.06273, 0.06265, 0.0626, 0.06239, 0.06236, 0.06202, 0.06193, 0.06167, 0.06163, 0.06148, 0.06147, 0.06111, 0.06102, 0.06105, 0.06092, 0.06068, 0.06049, 0.06019, 0.06002, 0.05998, 0.05967, 0.05954, 0.05933, 0.05918, 0.05902, 0.05898, 0.05888, 0.05863, 0.0584, 0.05825]
[0.00118, 0.00212, 0.00525, 0.0127, 0.02344, 0.04552, 0.0489, 0.05197, 0.05453, 0.05646, 0.05817, 0.05975, 0.06083, 0.06162, 0.06218, 0.06277, 0.06307, 0.0636, 0.06376, 0.06398, 0.06442, 0.06468, 0.06488, 0.06481, 0.06489, 0.06482, 0.06511, 0.06499, 0.06512, 0.065, 0.06495, 0.06482, 0.06467, 0.06453, 0.0645, 0.06449, 0.06428, 0.06425, 0.06398, 0.06379, 0.06374, 0.06347, 0.06332, 0.06325, 0.06299, 0.06299, 0.06273, 0.06265, 0.0626, 0.06239, 0.06236, 0.06202, 0.06193, 0.06167, 0.06163, 0.06148, 0.06147, 0.06111, 0.06102, 0.06105, 0.06092, 0.06068, 0.06049, 0.06019, 0.06002, 0.05998, 0.05967, 0.05954, 0.05933, 0.05918, 0.05902, 0.05898, 0.05888, 0.05863, 0.0584, 0.05825, 0.05816]
[0.00118, 0.00212, 0.00525, 0.0127, 0.02344, 0.04552, 0.0489, 0.05197, 0.05453, 0.05646, 0.05817, 0.05975, 0.06083, 0.06162, 0.06218, 0.06277, 0.06307, 0.0636, 0.06376, 0.06398, 0.06442, 0.06468, 0.06488, 0.06481, 0.06489, 0.06482, 0.06511, 0.06499, 0.06512, 0.065, 0.06495, 0.06482, 0.06467, 0.06453, 0.0645, 0.06449, 0.06428, 0.06425, 0.06398, 0.06379, 0.06374, 0.06347, 0.06332, 0.06325, 0.06299, 0.06299, 0.06273, 0.06265, 0.0626, 0.06239, 0.06236, 0.06202, 0.06193, 0.06167, 0.06163, 0.06148, 0.06147, 0.06111, 0.06102, 0.06105, 0.06092, 0.06068, 0.06049, 0.06019, 0.06002, 0.05998, 0.05967, 0.05954, 0.05933, 0.05918, 0.05902, 0.05898, 0.05888, 0.05863, 0.0584, 0.05825, 0.05816, 0.05781]
[0.00118, 0.00212, 0.00525, 0.0127, 0.02344, 0.04552, 0.0489, 0.05197, 0.05453, 0.05646, 0.05817, 0.05975, 0.06083, 0.06162, 0.06218, 0.06277, 0.06307, 0.0636, 0.06376, 0.06398, 0.06442, 0.06468, 0.06488, 0.06481, 0.06489, 0.06482, 0.06511, 0.06499, 0.06512, 0.065, 0.06495, 0.06482, 0.06467, 0.06453, 0.0645, 0.06449, 0.06428, 0.06425, 0.06398, 0.06379, 0.06374, 0.06347, 0.06332, 0.06325, 0.06299, 0.06299, 0.06273, 0.06265, 0.0626, 0.06239, 0.06236, 0.06202, 0.06193, 0.06167, 0.06163, 0.06148, 0.06147, 0.06111, 0.06102, 0.06105, 0.06092, 0.06068, 0.06049, 0.06019, 0.06002, 0.05998, 0.05967, 0.05954, 0.05933, 0.05918, 0.05902, 0.05898, 0.05888, 0.05863, 0.0584, 0.05825, 0.05816, 0.05781, 0.05756]
[0.00118, 0.00212, 0.00525, 0.0127, 0.02344, 0.04552, 0.0489, 0.05197, 0.05453, 0.05646, 0.05817, 0.05975, 0.06083, 0.06162, 0.06218, 0.06277, 0.06307, 0.0636, 0.06376, 0.06398, 0.06442, 0.06468, 0.06488, 0.06481, 0.06489, 0.06482, 0.06511, 0.06499, 0.06512, 0.065, 0.06495, 0.06482, 0.06467, 0.06453, 0.0645, 0.06449, 0.06428, 0.06425, 0.06398, 0.06379, 0.06374, 0.06347, 0.06332, 0.06325, 0.06299, 0.06299, 0.06273, 0.06265, 0.0626, 0.06239, 0.06236, 0.06202, 0.06193, 0.06167, 0.06163, 0.06148, 0.06147, 0.06111, 0.06102, 0.06105, 0.06092, 0.06068, 0.06049, 0.06019, 0.06002, 0.05998, 0.05967, 0.05954, 0.05933, 0.05918, 0.05902, 0.05898, 0.05888, 0.05863, 0.0584, 0.05825, 0.05816, 0.05781, 0.05756, 0.05745]
[0.00118, 0.00212, 0.00525, 0.0127, 0.02344, 0.04552, 0.0489, 0.05197, 0.05453, 0.05646, 0.05817, 0.05975, 0.06083, 0.06162, 0.06218, 0.06277, 0.06307, 0.0636, 0.06376, 0.06398, 0.06442, 0.06468, 0.06488, 0.06481, 0.06489, 0.06482, 0.06511, 0.06499, 0.06512, 0.065, 0.06495, 0.06482, 0.06467, 0.06453, 0.0645, 0.06449, 0.06428, 0.06425, 0.06398, 0.06379, 0.06374, 0.06347, 0.06332, 0.06325, 0.06299, 0.06299, 0.06273, 0.06265, 0.0626, 0.06239, 0.06236, 0.06202, 0.06193, 0.06167, 0.06163, 0.06148, 0.06147, 0.06111, 0.06102, 0.06105, 0.06092, 0.06068, 0.06049, 0.06019, 0.06002, 0.05998, 0.05967, 0.05954, 0.05933, 0.05918, 0.05902, 0.05898, 0.05888, 0.05863, 0.0584, 0.05825, 0.05816, 0.05781, 0.05756, 0.05745, 0.05749]
[0.00118, 0.00212, 0.00525, 0.0127, 0.02344, 0.04552, 0.0489, 0.05197, 0.05453, 0.05646, 0.05817, 0.05975, 0.06083, 0.06162, 0.06218, 0.06277, 0.06307, 0.0636, 0.06376, 0.06398, 0.06442, 0.06468, 0.06488, 0.06481, 0.06489, 0.06482, 0.06511, 0.06499, 0.06512, 0.065, 0.06495, 0.06482, 0.06467, 0.06453, 0.0645, 0.06449, 0.06428, 0.06425, 0.06398, 0.06379, 0.06374, 0.06347, 0.06332, 0.06325, 0.06299, 0.06299, 0.06273, 0.06265, 0.0626, 0.06239, 0.06236, 0.06202, 0.06193, 0.06167, 0.06163, 0.06148, 0.06147, 0.06111, 0.06102, 0.06105, 0.06092, 0.06068, 0.06049, 0.06019, 0.06002, 0.05998, 0.05967, 0.05954, 0.05933, 0.05918, 0.05902, 0.05898, 0.05888, 0.05863, 0.0584, 0.05825, 0.05816, 0.05781, 0.05756, 0.05745, 0.05749, 0.05729]
[0.00118, 0.00212, 0.00525, 0.0127, 0.02344, 0.04552, 0.0489, 0.05197, 0.05453, 0.05646, 0.05817, 0.05975, 0.06083, 0.06162, 0.06218, 0.06277, 0.06307, 0.0636, 0.06376, 0.06398, 0.06442, 0.06468, 0.06488, 0.06481, 0.06489, 0.06482, 0.06511, 0.06499, 0.06512, 0.065, 0.06495, 0.06482, 0.06467, 0.06453, 0.0645, 0.06449, 0.06428, 0.06425, 0.06398, 0.06379, 0.06374, 0.06347, 0.06332, 0.06325, 0.06299, 0.06299, 0.06273, 0.06265, 0.0626, 0.06239, 0.06236, 0.06202, 0.06193, 0.06167, 0.06163, 0.06148, 0.06147, 0.06111, 0.06102, 0.06105, 0.06092, 0.06068, 0.06049, 0.06019, 0.06002, 0.05998, 0.05967, 0.05954, 0.05933, 0.05918, 0.05902, 0.05898, 0.05888, 0.05863, 0.0584, 0.05825, 0.05816, 0.05781, 0.05756, 0.05745, 0.05749, 0.05729, 0.05706]
[0.00118, 0.00212, 0.00525, 0.0127, 0.02344, 0.04552, 0.0489, 0.05197, 0.05453, 0.05646, 0.05817, 0.05975, 0.06083, 0.06162, 0.06218, 0.06277, 0.06307, 0.0636, 0.06376, 0.06398, 0.06442, 0.06468, 0.06488, 0.06481, 0.06489, 0.06482, 0.06511, 0.06499, 0.06512, 0.065, 0.06495, 0.06482, 0.06467, 0.06453, 0.0645, 0.06449, 0.06428, 0.06425, 0.06398, 0.06379, 0.06374, 0.06347, 0.06332, 0.06325, 0.06299, 0.06299, 0.06273, 0.06265, 0.0626, 0.06239, 0.06236, 0.06202, 0.06193, 0.06167, 0.06163, 0.06148, 0.06147, 0.06111, 0.06102, 0.06105, 0.06092, 0.06068, 0.06049, 0.06019, 0.06002, 0.05998, 0.05967, 0.05954, 0.05933, 0.05918, 0.05902, 0.05898, 0.05888, 0.05863, 0.0584, 0.05825, 0.05816, 0.05781, 0.05756, 0.05745, 0.05749, 0.05729, 0.05706, 0.05698]
[0.00118, 0.00212, 0.00525, 0.0127, 0.02344, 0.04552, 0.0489, 0.05197, 0.05453, 0.05646, 0.05817, 0.05975, 0.06083, 0.06162, 0.06218, 0.06277, 0.06307, 0.0636, 0.06376, 0.06398, 0.06442, 0.06468, 0.06488, 0.06481, 0.06489, 0.06482, 0.06511, 0.06499, 0.06512, 0.065, 0.06495, 0.06482, 0.06467, 0.06453, 0.0645, 0.06449, 0.06428, 0.06425, 0.06398, 0.06379, 0.06374, 0.06347, 0.06332, 0.06325, 0.06299, 0.06299, 0.06273, 0.06265, 0.0626, 0.06239, 0.06236, 0.06202, 0.06193, 0.06167, 0.06163, 0.06148, 0.06147, 0.06111, 0.06102, 0.06105, 0.06092, 0.06068, 0.06049, 0.06019, 0.06002, 0.05998, 0.05967, 0.05954, 0.05933, 0.05918, 0.05902, 0.05898, 0.05888, 0.05863, 0.0584, 0.05825, 0.05816, 0.05781, 0.05756, 0.05745, 0.05749, 0.05729, 0.05706, 0.05698, 0.05672]
[0.00118, 0.00212, 0.00525, 0.0127, 0.02344, 0.04552, 0.0489, 0.05197, 0.05453, 0.05646, 0.05817, 0.05975, 0.06083, 0.06162, 0.06218, 0.06277, 0.06307, 0.0636, 0.06376, 0.06398, 0.06442, 0.06468, 0.06488, 0.06481, 0.06489, 0.06482, 0.06511, 0.06499, 0.06512, 0.065, 0.06495, 0.06482, 0.06467, 0.06453, 0.0645, 0.06449, 0.06428, 0.06425, 0.06398, 0.06379, 0.06374, 0.06347, 0.06332, 0.06325, 0.06299, 0.06299, 0.06273, 0.06265, 0.0626, 0.06239, 0.06236, 0.06202, 0.06193, 0.06167, 0.06163, 0.06148, 0.06147, 0.06111, 0.06102, 0.06105, 0.06092, 0.06068, 0.06049, 0.06019, 0.06002, 0.05998, 0.05967, 0.05954, 0.05933, 0.05918, 0.05902, 0.05898, 0.05888, 0.05863, 0.0584, 0.05825, 0.05816, 0.05781, 0.05756, 0.05745, 0.05749, 0.05729, 0.05706, 0.05698, 0.05672, 0.05662]
[0.00118, 0.00212, 0.00525, 0.0127, 0.02344, 0.04552, 0.0489, 0.05197, 0.05453, 0.05646, 0.05817, 0.05975, 0.06083, 0.06162, 0.06218, 0.06277, 0.06307, 0.0636, 0.06376, 0.06398, 0.06442, 0.06468, 0.06488, 0.06481, 0.06489, 0.06482, 0.06511, 0.06499, 0.06512, 0.065, 0.06495, 0.06482, 0.06467, 0.06453, 0.0645, 0.06449, 0.06428, 0.06425, 0.06398, 0.06379, 0.06374, 0.06347, 0.06332, 0.06325, 0.06299, 0.06299, 0.06273, 0.06265, 0.0626, 0.06239, 0.06236, 0.06202, 0.06193, 0.06167, 0.06163, 0.06148, 0.06147, 0.06111, 0.06102, 0.06105, 0.06092, 0.06068, 0.06049, 0.06019, 0.06002, 0.05998, 0.05967, 0.05954, 0.05933, 0.05918, 0.05902, 0.05898, 0.05888, 0.05863, 0.0584, 0.05825, 0.05816, 0.05781, 0.05756, 0.05745, 0.05749, 0.05729, 0.05706, 0.05698, 0.05672, 0.05662, 0.05636]
[0.00118, 0.00212, 0.00525, 0.0127, 0.02344, 0.04552, 0.0489, 0.05197, 0.05453, 0.05646, 0.05817, 0.05975, 0.06083, 0.06162, 0.06218, 0.06277, 0.06307, 0.0636, 0.06376, 0.06398, 0.06442, 0.06468, 0.06488, 0.06481, 0.06489, 0.06482, 0.06511, 0.06499, 0.06512, 0.065, 0.06495, 0.06482, 0.06467, 0.06453, 0.0645, 0.06449, 0.06428, 0.06425, 0.06398, 0.06379, 0.06374, 0.06347, 0.06332, 0.06325, 0.06299, 0.06299, 0.06273, 0.06265, 0.0626, 0.06239, 0.06236, 0.06202, 0.06193, 0.06167, 0.06163, 0.06148, 0.06147, 0.06111, 0.06102, 0.06105, 0.06092, 0.06068, 0.06049, 0.06019, 0.06002, 0.05998, 0.05967, 0.05954, 0.05933, 0.05918, 0.05902, 0.05898, 0.05888, 0.05863, 0.0584, 0.05825, 0.05816, 0.05781, 0.05756, 0.05745, 0.05749, 0.05729, 0.05706, 0.05698, 0.05672, 0.05662, 0.05636, 0.05628]
[0.00118, 0.00212, 0.00525, 0.0127, 0.02344, 0.04552, 0.0489, 0.05197, 0.05453, 0.05646, 0.05817, 0.05975, 0.06083, 0.06162, 0.06218, 0.06277, 0.06307, 0.0636, 0.06376, 0.06398, 0.06442, 0.06468, 0.06488, 0.06481, 0.06489, 0.06482, 0.06511, 0.06499, 0.06512, 0.065, 0.06495, 0.06482, 0.06467, 0.06453, 0.0645, 0.06449, 0.06428, 0.06425, 0.06398, 0.06379, 0.06374, 0.06347, 0.06332, 0.06325, 0.06299, 0.06299, 0.06273, 0.06265, 0.0626, 0.06239, 0.06236, 0.06202, 0.06193, 0.06167, 0.06163, 0.06148, 0.06147, 0.06111, 0.06102, 0.06105, 0.06092, 0.06068, 0.06049, 0.06019, 0.06002, 0.05998, 0.05967, 0.05954, 0.05933, 0.05918, 0.05902, 0.05898, 0.05888, 0.05863, 0.0584, 0.05825, 0.05816, 0.05781, 0.05756, 0.05745, 0.05749, 0.05729, 0.05706, 0.05698, 0.05672, 0.05662, 0.05636, 0.05628, 0.05622]
[0.00118, 0.00212, 0.00525, 0.0127, 0.02344, 0.04552, 0.0489, 0.05197, 0.05453, 0.05646, 0.05817, 0.05975, 0.06083, 0.06162, 0.06218, 0.06277, 0.06307, 0.0636, 0.06376, 0.06398, 0.06442, 0.06468, 0.06488, 0.06481, 0.06489, 0.06482, 0.06511, 0.06499, 0.06512, 0.065, 0.06495, 0.06482, 0.06467, 0.06453, 0.0645, 0.06449, 0.06428, 0.06425, 0.06398, 0.06379, 0.06374, 0.06347, 0.06332, 0.06325, 0.06299, 0.06299, 0.06273, 0.06265, 0.0626, 0.06239, 0.06236, 0.06202, 0.06193, 0.06167, 0.06163, 0.06148, 0.06147, 0.06111, 0.06102, 0.06105, 0.06092, 0.06068, 0.06049, 0.06019, 0.06002, 0.05998, 0.05967, 0.05954, 0.05933, 0.05918, 0.05902, 0.05898, 0.05888, 0.05863, 0.0584, 0.05825, 0.05816, 0.05781, 0.05756, 0.05745, 0.05749, 0.05729, 0.05706, 0.05698, 0.05672, 0.05662, 0.05636, 0.05628, 0.05622, 0.05611]
[0.00118, 0.00212, 0.00525, 0.0127, 0.02344, 0.04552, 0.0489, 0.05197, 0.05453, 0.05646, 0.05817, 0.05975, 0.06083, 0.06162, 0.06218, 0.06277, 0.06307, 0.0636, 0.06376, 0.06398, 0.06442, 0.06468, 0.06488, 0.06481, 0.06489, 0.06482, 0.06511, 0.06499, 0.06512, 0.065, 0.06495, 0.06482, 0.06467, 0.06453, 0.0645, 0.06449, 0.06428, 0.06425, 0.06398, 0.06379, 0.06374, 0.06347, 0.06332, 0.06325, 0.06299, 0.06299, 0.06273, 0.06265, 0.0626, 0.06239, 0.06236, 0.06202, 0.06193, 0.06167, 0.06163, 0.06148, 0.06147, 0.06111, 0.06102, 0.06105, 0.06092, 0.06068, 0.06049, 0.06019, 0.06002, 0.05998, 0.05967, 0.05954, 0.05933, 0.05918, 0.05902, 0.05898, 0.05888, 0.05863, 0.0584, 0.05825, 0.05816, 0.05781, 0.05756, 0.05745, 0.05749, 0.05729, 0.05706, 0.05698, 0.05672, 0.05662, 0.05636, 0.05628, 0.05622, 0.05611, 0.05591]
[0.00118, 0.00212, 0.00525, 0.0127, 0.02344, 0.04552, 0.0489, 0.05197, 0.05453, 0.05646, 0.05817, 0.05975, 0.06083, 0.06162, 0.06218, 0.06277, 0.06307, 0.0636, 0.06376, 0.06398, 0.06442, 0.06468, 0.06488, 0.06481, 0.06489, 0.06482, 0.06511, 0.06499, 0.06512, 0.065, 0.06495, 0.06482, 0.06467, 0.06453, 0.0645, 0.06449, 0.06428, 0.06425, 0.06398, 0.06379, 0.06374, 0.06347, 0.06332, 0.06325, 0.06299, 0.06299, 0.06273, 0.06265, 0.0626, 0.06239, 0.06236, 0.06202, 0.06193, 0.06167, 0.06163, 0.06148, 0.06147, 0.06111, 0.06102, 0.06105, 0.06092, 0.06068, 0.06049, 0.06019, 0.06002, 0.05998, 0.05967, 0.05954, 0.05933, 0.05918, 0.05902, 0.05898, 0.05888, 0.05863, 0.0584, 0.05825, 0.05816, 0.05781, 0.05756, 0.05745, 0.05749, 0.05729, 0.05706, 0.05698, 0.05672, 0.05662, 0.05636, 0.05628, 0.05622, 0.05611, 0.05591, 0.05564]
[0.00118, 0.00212, 0.00525, 0.0127, 0.02344, 0.04552, 0.0489, 0.05197, 0.05453, 0.05646, 0.05817, 0.05975, 0.06083, 0.06162, 0.06218, 0.06277, 0.06307, 0.0636, 0.06376, 0.06398, 0.06442, 0.06468, 0.06488, 0.06481, 0.06489, 0.06482, 0.06511, 0.06499, 0.06512, 0.065, 0.06495, 0.06482, 0.06467, 0.06453, 0.0645, 0.06449, 0.06428, 0.06425, 0.06398, 0.06379, 0.06374, 0.06347, 0.06332, 0.06325, 0.06299, 0.06299, 0.06273, 0.06265, 0.0626, 0.06239, 0.06236, 0.06202, 0.06193, 0.06167, 0.06163, 0.06148, 0.06147, 0.06111, 0.06102, 0.06105, 0.06092, 0.06068, 0.06049, 0.06019, 0.06002, 0.05998, 0.05967, 0.05954, 0.05933, 0.05918, 0.05902, 0.05898, 0.05888, 0.05863, 0.0584, 0.05825, 0.05816, 0.05781, 0.05756, 0.05745, 0.05749, 0.05729, 0.05706, 0.05698, 0.05672, 0.05662, 0.05636, 0.05628, 0.05622, 0.05611, 0.05591, 0.05564, 0.05547]
[0.00118, 0.00212, 0.00525, 0.0127, 0.02344, 0.04552, 0.0489, 0.05197, 0.05453, 0.05646, 0.05817, 0.05975, 0.06083, 0.06162, 0.06218, 0.06277, 0.06307, 0.0636, 0.06376, 0.06398, 0.06442, 0.06468, 0.06488, 0.06481, 0.06489, 0.06482, 0.06511, 0.06499, 0.06512, 0.065, 0.06495, 0.06482, 0.06467, 0.06453, 0.0645, 0.06449, 0.06428, 0.06425, 0.06398, 0.06379, 0.06374, 0.06347, 0.06332, 0.06325, 0.06299, 0.06299, 0.06273, 0.06265, 0.0626, 0.06239, 0.06236, 0.06202, 0.06193, 0.06167, 0.06163, 0.06148, 0.06147, 0.06111, 0.06102, 0.06105, 0.06092, 0.06068, 0.06049, 0.06019, 0.06002, 0.05998, 0.05967, 0.05954, 0.05933, 0.05918, 0.05902, 0.05898, 0.05888, 0.05863, 0.0584, 0.05825, 0.05816, 0.05781, 0.05756, 0.05745, 0.05749, 0.05729, 0.05706, 0.05698, 0.05672, 0.05662, 0.05636, 0.05628, 0.05622, 0.05611, 0.05591, 0.05564, 0.05547, 0.05544]
[0.00118, 0.00212, 0.00525, 0.0127, 0.02344, 0.04552, 0.0489, 0.05197, 0.05453, 0.05646, 0.05817, 0.05975, 0.06083, 0.06162, 0.06218, 0.06277, 0.06307, 0.0636, 0.06376, 0.06398, 0.06442, 0.06468, 0.06488, 0.06481, 0.06489, 0.06482, 0.06511, 0.06499, 0.06512, 0.065, 0.06495, 0.06482, 0.06467, 0.06453, 0.0645, 0.06449, 0.06428, 0.06425, 0.06398, 0.06379, 0.06374, 0.06347, 0.06332, 0.06325, 0.06299, 0.06299, 0.06273, 0.06265, 0.0626, 0.06239, 0.06236, 0.06202, 0.06193, 0.06167, 0.06163, 0.06148, 0.06147, 0.06111, 0.06102, 0.06105, 0.06092, 0.06068, 0.06049, 0.06019, 0.06002, 0.05998, 0.05967, 0.05954, 0.05933, 0.05918, 0.05902, 0.05898, 0.05888, 0.05863, 0.0584, 0.05825, 0.05816, 0.05781, 0.05756, 0.05745, 0.05749, 0.05729, 0.05706, 0.05698, 0.05672, 0.05662, 0.05636, 0.05628, 0.05622, 0.05611, 0.05591, 0.05564, 0.05547, 0.05544, 0.0553]
