[0.00646]
[0.00646, 0.01272]
[0.00646, 0.01272, 0.01739]
[0.00646, 0.01272, 0.01739, 0.03144]
[0.00646, 0.01272, 0.01739, 0.03144, 0.05284]
[0.00646, 0.01272, 0.01739, 0.03144, 0.05284, 0.05505]
[0.00646, 0.01272, 0.01739, 0.03144, 0.05284, 0.05505, 0.0578]
[0.00646, 0.01272, 0.01739, 0.03144, 0.05284, 0.05505, 0.0578, 0.05994]
[0.00646, 0.01272, 0.01739, 0.03144, 0.05284, 0.05505, 0.0578, 0.05994, 0.06165]
[0.00646, 0.01272, 0.01739, 0.03144, 0.05284, 0.05505, 0.0578, 0.05994, 0.06165, 0.06305]
[0.00646, 0.01272, 0.01739, 0.03144, 0.05284, 0.05505, 0.0578, 0.05994, 0.06165, 0.06305, 0.06409]
[0.00646, 0.01272, 0.01739, 0.03144, 0.05284, 0.05505, 0.0578, 0.05994, 0.06165, 0.06305, 0.06409, 0.06486]
[0.00646, 0.01272, 0.01739, 0.03144, 0.05284, 0.05505, 0.0578, 0.05994, 0.06165, 0.06305, 0.06409, 0.06486, 0.06533]
[0.00646, 0.01272, 0.01739, 0.03144, 0.05284, 0.05505, 0.0578, 0.05994, 0.06165, 0.06305, 0.06409, 0.06486, 0.06533, 0.06599]
[0.00646, 0.01272, 0.01739, 0.03144, 0.05284, 0.05505, 0.0578, 0.05994, 0.06165, 0.06305, 0.06409, 0.06486, 0.06533, 0.06599, 0.06635]
[0.00646, 0.01272, 0.01739, 0.03144, 0.05284, 0.05505, 0.0578, 0.05994, 0.06165, 0.06305, 0.06409, 0.06486, 0.06533, 0.06599, 0.06635, 0.06665]
[0.00646, 0.01272, 0.01739, 0.03144, 0.05284, 0.05505, 0.0578, 0.05994, 0.06165, 0.06305, 0.06409, 0.06486, 0.06533, 0.06599, 0.06635, 0.06665, 0.06674]
[0.00646, 0.01272, 0.01739, 0.03144, 0.05284, 0.05505, 0.0578, 0.05994, 0.06165, 0.06305, 0.06409, 0.06486, 0.06533, 0.06599, 0.06635, 0.06665, 0.06674, 0.06706]
[0.00646, 0.01272, 0.01739, 0.03144, 0.05284, 0.05505, 0.0578, 0.05994, 0.06165, 0.06305, 0.06409, 0.06486, 0.06533, 0.06599, 0.06635, 0.06665, 0.06674, 0.06706, 0.06725]
[0.00646, 0.01272, 0.01739, 0.03144, 0.05284, 0.05505, 0.0578, 0.05994, 0.06165, 0.06305, 0.06409, 0.06486, 0.06533, 0.06599, 0.06635, 0.06665, 0.06674, 0.06706, 0.06725, 0.0672]
[0.00646, 0.01272, 0.01739, 0.03144, 0.05284, 0.05505, 0.0578, 0.05994, 0.06165, 0.06305, 0.06409, 0.06486, 0.06533, 0.06599, 0.06635, 0.06665, 0.06674, 0.06706, 0.06725, 0.0672, 0.06709]
[0.00646, 0.01272, 0.01739, 0.03144, 0.05284, 0.05505, 0.0578, 0.05994, 0.06165, 0.06305, 0.06409, 0.06486, 0.06533, 0.06599, 0.06635, 0.06665, 0.06674, 0.06706, 0.06725, 0.0672, 0.06709, 0.06715]
[0.00646, 0.01272, 0.01739, 0.03144, 0.05284, 0.05505, 0.0578, 0.05994, 0.06165, 0.06305, 0.06409, 0.06486, 0.06533, 0.06599, 0.06635, 0.06665, 0.06674, 0.06706, 0.06725, 0.0672, 0.06709, 0.06715, 0.06707]
[0.00646, 0.01272, 0.01739, 0.03144, 0.05284, 0.05505, 0.0578, 0.05994, 0.06165, 0.06305, 0.06409, 0.06486, 0.06533, 0.06599, 0.06635, 0.06665, 0.06674, 0.06706, 0.06725, 0.0672, 0.06709, 0.06715, 0.06707, 0.06707]
[0.00685]
[0.00685, 0.01298]
[0.00685, 0.01298, 0.01784]
[0.00685, 0.01298, 0.01784, 0.03151]
[0.00685, 0.01298, 0.01784, 0.03151, 0.05252]
[0.00685, 0.01298, 0.01784, 0.03151, 0.05252, 0.05479]
[0.00685, 0.01298, 0.01784, 0.03151, 0.05252, 0.05479, 0.05739]
[0.00685, 0.01298, 0.01784, 0.03151, 0.05252, 0.05479, 0.05739, 0.05981]
[0.00685, 0.01298, 0.01784, 0.03151, 0.05252, 0.05479, 0.05739, 0.05981, 0.06177]
[0.00685, 0.01298, 0.01784, 0.03151, 0.05252, 0.05479, 0.05739, 0.05981, 0.06177, 0.06285]
[0.00685, 0.01298, 0.01784, 0.03151, 0.05252, 0.05479, 0.05739, 0.05981, 0.06177, 0.06285, 0.06371]
[0.00685, 0.01298, 0.01784, 0.03151, 0.05252, 0.05479, 0.05739, 0.05981, 0.06177, 0.06285, 0.06371, 0.06468]
[0.00685, 0.01298, 0.01784, 0.03151, 0.05252, 0.05479, 0.05739, 0.05981, 0.06177, 0.06285, 0.06371, 0.06468, 0.06543]
[0.00685, 0.01298, 0.01784, 0.03151, 0.05252, 0.05479, 0.05739, 0.05981, 0.06177, 0.06285, 0.06371, 0.06468, 0.06543, 0.06578]
[0.00685, 0.01298, 0.01784, 0.03151, 0.05252, 0.05479, 0.05739, 0.05981, 0.06177, 0.06285, 0.06371, 0.06468, 0.06543, 0.06578, 0.06644]
[0.00685, 0.01298, 0.01784, 0.03151, 0.05252, 0.05479, 0.05739, 0.05981, 0.06177, 0.06285, 0.06371, 0.06468, 0.06543, 0.06578, 0.06644, 0.06649]
[0.00685, 0.01298, 0.01784, 0.03151, 0.05252, 0.05479, 0.05739, 0.05981, 0.06177, 0.06285, 0.06371, 0.06468, 0.06543, 0.06578, 0.06644, 0.06649, 0.06695]
[0.00685, 0.01298, 0.01784, 0.03151, 0.05252, 0.05479, 0.05739, 0.05981, 0.06177, 0.06285, 0.06371, 0.06468, 0.06543, 0.06578, 0.06644, 0.06649, 0.06695, 0.06716]
[0.00685, 0.01298, 0.01784, 0.03151, 0.05252, 0.05479, 0.05739, 0.05981, 0.06177, 0.06285, 0.06371, 0.06468, 0.06543, 0.06578, 0.06644, 0.06649, 0.06695, 0.06716, 0.06729]
[0.00685, 0.01298, 0.01784, 0.03151, 0.05252, 0.05479, 0.05739, 0.05981, 0.06177, 0.06285, 0.06371, 0.06468, 0.06543, 0.06578, 0.06644, 0.06649, 0.06695, 0.06716, 0.06729, 0.06742]
[0.00685, 0.01298, 0.01784, 0.03151, 0.05252, 0.05479, 0.05739, 0.05981, 0.06177, 0.06285, 0.06371, 0.06468, 0.06543, 0.06578, 0.06644, 0.06649, 0.06695, 0.06716, 0.06729, 0.06742, 0.06737]
[0.00685, 0.01298, 0.01784, 0.03151, 0.05252, 0.05479, 0.05739, 0.05981, 0.06177, 0.06285, 0.06371, 0.06468, 0.06543, 0.06578, 0.06644, 0.06649, 0.06695, 0.06716, 0.06729, 0.06742, 0.06737, 0.06737]
[0.00685, 0.01298, 0.01784, 0.03151, 0.05252, 0.05479, 0.05739, 0.05981, 0.06177, 0.06285, 0.06371, 0.06468, 0.06543, 0.06578, 0.06644, 0.06649, 0.06695, 0.06716, 0.06729, 0.06742, 0.06737, 0.06737, 0.0675]
[0.00685, 0.01298, 0.01784, 0.03151, 0.05252, 0.05479, 0.05739, 0.05981, 0.06177, 0.06285, 0.06371, 0.06468, 0.06543, 0.06578, 0.06644, 0.06649, 0.06695, 0.06716, 0.06729, 0.06742, 0.06737, 0.06737, 0.0675, 0.06752]
[0.00685, 0.01298, 0.01784, 0.03151, 0.05252, 0.05479, 0.05739, 0.05981, 0.06177, 0.06285, 0.06371, 0.06468, 0.06543, 0.06578, 0.06644, 0.06649, 0.06695, 0.06716, 0.06729, 0.06742, 0.06737, 0.06737, 0.0675, 0.06752, 0.06751]
[0.00685, 0.01298, 0.01784, 0.03151, 0.05252, 0.05479, 0.05739, 0.05981, 0.06177, 0.06285, 0.06371, 0.06468, 0.06543, 0.06578, 0.06644, 0.06649, 0.06695, 0.06716, 0.06729, 0.06742, 0.06737, 0.06737, 0.0675, 0.06752, 0.06751, 0.06753]
[0.00685, 0.01298, 0.01784, 0.03151, 0.05252, 0.05479, 0.05739, 0.05981, 0.06177, 0.06285, 0.06371, 0.06468, 0.06543, 0.06578, 0.06644, 0.06649, 0.06695, 0.06716, 0.06729, 0.06742, 0.06737, 0.06737, 0.0675, 0.06752, 0.06751, 0.06753, 0.06731]
[0.00685, 0.01298, 0.01784, 0.03151, 0.05252, 0.05479, 0.05739, 0.05981, 0.06177, 0.06285, 0.06371, 0.06468, 0.06543, 0.06578, 0.06644, 0.06649, 0.06695, 0.06716, 0.06729, 0.06742, 0.06737, 0.06737, 0.0675, 0.06752, 0.06751, 0.06753, 0.06731, 0.06702]
[0.00685, 0.01298, 0.01784, 0.03151, 0.05252, 0.05479, 0.05739, 0.05981, 0.06177, 0.06285, 0.06371, 0.06468, 0.06543, 0.06578, 0.06644, 0.06649, 0.06695, 0.06716, 0.06729, 0.06742, 0.06737, 0.06737, 0.0675, 0.06752, 0.06751, 0.06753, 0.06731, 0.06702, 0.0667]
[0.00685, 0.01298, 0.01784, 0.03151, 0.05252, 0.05479, 0.05739, 0.05981, 0.06177, 0.06285, 0.06371, 0.06468, 0.06543, 0.06578, 0.06644, 0.06649, 0.06695, 0.06716, 0.06729, 0.06742, 0.06737, 0.06737, 0.0675, 0.06752, 0.06751, 0.06753, 0.06731, 0.06702, 0.0667, 0.06638]
[0.00685, 0.01298, 0.01784, 0.03151, 0.05252, 0.05479, 0.05739, 0.05981, 0.06177, 0.06285, 0.06371, 0.06468, 0.06543, 0.06578, 0.06644, 0.06649, 0.06695, 0.06716, 0.06729, 0.06742, 0.06737, 0.06737, 0.0675, 0.06752, 0.06751, 0.06753, 0.06731, 0.06702, 0.0667, 0.06638, 0.0664]
[0.00685, 0.01298, 0.01784, 0.03151, 0.05252, 0.05479, 0.05739, 0.05981, 0.06177, 0.06285, 0.06371, 0.06468, 0.06543, 0.06578, 0.06644, 0.06649, 0.06695, 0.06716, 0.06729, 0.06742, 0.06737, 0.06737, 0.0675, 0.06752, 0.06751, 0.06753, 0.06731, 0.06702, 0.0667, 0.06638, 0.0664, 0.06605]
[0.00685, 0.01298, 0.01784, 0.03151, 0.05252, 0.05479, 0.05739, 0.05981, 0.06177, 0.06285, 0.06371, 0.06468, 0.06543, 0.06578, 0.06644, 0.06649, 0.06695, 0.06716, 0.06729, 0.06742, 0.06737, 0.06737, 0.0675, 0.06752, 0.06751, 0.06753, 0.06731, 0.06702, 0.0667, 0.06638, 0.0664, 0.06605, 0.06598]
[0.00685, 0.01298, 0.01784, 0.03151, 0.05252, 0.05479, 0.05739, 0.05981, 0.06177, 0.06285, 0.06371, 0.06468, 0.06543, 0.06578, 0.06644, 0.06649, 0.06695, 0.06716, 0.06729, 0.06742, 0.06737, 0.06737, 0.0675, 0.06752, 0.06751, 0.06753, 0.06731, 0.06702, 0.0667, 0.06638, 0.0664, 0.06605, 0.06598, 0.06586]
[0.00685, 0.01298, 0.01784, 0.03151, 0.05252, 0.05479, 0.05739, 0.05981, 0.06177, 0.06285, 0.06371, 0.06468, 0.06543, 0.06578, 0.06644, 0.06649, 0.06695, 0.06716, 0.06729, 0.06742, 0.06737, 0.06737, 0.0675, 0.06752, 0.06751, 0.06753, 0.06731, 0.06702, 0.0667, 0.06638, 0.0664, 0.06605, 0.06598, 0.06586, 0.06585]
[0.00685, 0.01298, 0.01784, 0.03151, 0.05252, 0.05479, 0.05739, 0.05981, 0.06177, 0.06285, 0.06371, 0.06468, 0.06543, 0.06578, 0.06644, 0.06649, 0.06695, 0.06716, 0.06729, 0.06742, 0.06737, 0.06737, 0.0675, 0.06752, 0.06751, 0.06753, 0.06731, 0.06702, 0.0667, 0.06638, 0.0664, 0.06605, 0.06598, 0.06586, 0.06585, 0.06559]
[0.00685, 0.01298, 0.01784, 0.03151, 0.05252, 0.05479, 0.05739, 0.05981, 0.06177, 0.06285, 0.06371, 0.06468, 0.06543, 0.06578, 0.06644, 0.06649, 0.06695, 0.06716, 0.06729, 0.06742, 0.06737, 0.06737, 0.0675, 0.06752, 0.06751, 0.06753, 0.06731, 0.06702, 0.0667, 0.06638, 0.0664, 0.06605, 0.06598, 0.06586, 0.06585, 0.06559, 0.06555]
[0.00685, 0.01298, 0.01784, 0.03151, 0.05252, 0.05479, 0.05739, 0.05981, 0.06177, 0.06285, 0.06371, 0.06468, 0.06543, 0.06578, 0.06644, 0.06649, 0.06695, 0.06716, 0.06729, 0.06742, 0.06737, 0.06737, 0.0675, 0.06752, 0.06751, 0.06753, 0.06731, 0.06702, 0.0667, 0.06638, 0.0664, 0.06605, 0.06598, 0.06586, 0.06585, 0.06559, 0.06555, 0.06555]
[0.00685, 0.01298, 0.01784, 0.03151, 0.05252, 0.05479, 0.05739, 0.05981, 0.06177, 0.06285, 0.06371, 0.06468, 0.06543, 0.06578, 0.06644, 0.06649, 0.06695, 0.06716, 0.06729, 0.06742, 0.06737, 0.06737, 0.0675, 0.06752, 0.06751, 0.06753, 0.06731, 0.06702, 0.0667, 0.06638, 0.0664, 0.06605, 0.06598, 0.06586, 0.06585, 0.06559, 0.06555, 0.06555, 0.06529]
[0.00685, 0.01298, 0.01784, 0.03151, 0.05252, 0.05479, 0.05739, 0.05981, 0.06177, 0.06285, 0.06371, 0.06468, 0.06543, 0.06578, 0.06644, 0.06649, 0.06695, 0.06716, 0.06729, 0.06742, 0.06737, 0.06737, 0.0675, 0.06752, 0.06751, 0.06753, 0.06731, 0.06702, 0.0667, 0.06638, 0.0664, 0.06605, 0.06598, 0.06586, 0.06585, 0.06559, 0.06555, 0.06555, 0.06529, 0.06516]
[0.00685, 0.01298, 0.01784, 0.03151, 0.05252, 0.05479, 0.05739, 0.05981, 0.06177, 0.06285, 0.06371, 0.06468, 0.06543, 0.06578, 0.06644, 0.06649, 0.06695, 0.06716, 0.06729, 0.06742, 0.06737, 0.06737, 0.0675, 0.06752, 0.06751, 0.06753, 0.06731, 0.06702, 0.0667, 0.06638, 0.0664, 0.06605, 0.06598, 0.06586, 0.06585, 0.06559, 0.06555, 0.06555, 0.06529, 0.06516, 0.06488]
[0.00685, 0.01298, 0.01784, 0.03151, 0.05252, 0.05479, 0.05739, 0.05981, 0.06177, 0.06285, 0.06371, 0.06468, 0.06543, 0.06578, 0.06644, 0.06649, 0.06695, 0.06716, 0.06729, 0.06742, 0.06737, 0.06737, 0.0675, 0.06752, 0.06751, 0.06753, 0.06731, 0.06702, 0.0667, 0.06638, 0.0664, 0.06605, 0.06598, 0.06586, 0.06585, 0.06559, 0.06555, 0.06555, 0.06529, 0.06516, 0.06488, 0.06476]
[0.00685, 0.01298, 0.01784, 0.03151, 0.05252, 0.05479, 0.05739, 0.05981, 0.06177, 0.06285, 0.06371, 0.06468, 0.06543, 0.06578, 0.06644, 0.06649, 0.06695, 0.06716, 0.06729, 0.06742, 0.06737, 0.06737, 0.0675, 0.06752, 0.06751, 0.06753, 0.06731, 0.06702, 0.0667, 0.06638, 0.0664, 0.06605, 0.06598, 0.06586, 0.06585, 0.06559, 0.06555, 0.06555, 0.06529, 0.06516, 0.06488, 0.06476, 0.06465]
[0.00685, 0.01298, 0.01784, 0.03151, 0.05252, 0.05479, 0.05739, 0.05981, 0.06177, 0.06285, 0.06371, 0.06468, 0.06543, 0.06578, 0.06644, 0.06649, 0.06695, 0.06716, 0.06729, 0.06742, 0.06737, 0.06737, 0.0675, 0.06752, 0.06751, 0.06753, 0.06731, 0.06702, 0.0667, 0.06638, 0.0664, 0.06605, 0.06598, 0.06586, 0.06585, 0.06559, 0.06555, 0.06555, 0.06529, 0.06516, 0.06488, 0.06476, 0.06465, 0.06441]
[0.00685, 0.01298, 0.01784, 0.03151, 0.05252, 0.05479, 0.05739, 0.05981, 0.06177, 0.06285, 0.06371, 0.06468, 0.06543, 0.06578, 0.06644, 0.06649, 0.06695, 0.06716, 0.06729, 0.06742, 0.06737, 0.06737, 0.0675, 0.06752, 0.06751, 0.06753, 0.06731, 0.06702, 0.0667, 0.06638, 0.0664, 0.06605, 0.06598, 0.06586, 0.06585, 0.06559, 0.06555, 0.06555, 0.06529, 0.06516, 0.06488, 0.06476, 0.06465, 0.06441, 0.06429]
[0.00685, 0.01298, 0.01784, 0.03151, 0.05252, 0.05479, 0.05739, 0.05981, 0.06177, 0.06285, 0.06371, 0.06468, 0.06543, 0.06578, 0.06644, 0.06649, 0.06695, 0.06716, 0.06729, 0.06742, 0.06737, 0.06737, 0.0675, 0.06752, 0.06751, 0.06753, 0.06731, 0.06702, 0.0667, 0.06638, 0.0664, 0.06605, 0.06598, 0.06586, 0.06585, 0.06559, 0.06555, 0.06555, 0.06529, 0.06516, 0.06488, 0.06476, 0.06465, 0.06441, 0.06429, 0.06417]
[0.00685, 0.01298, 0.01784, 0.03151, 0.05252, 0.05479, 0.05739, 0.05981, 0.06177, 0.06285, 0.06371, 0.06468, 0.06543, 0.06578, 0.06644, 0.06649, 0.06695, 0.06716, 0.06729, 0.06742, 0.06737, 0.06737, 0.0675, 0.06752, 0.06751, 0.06753, 0.06731, 0.06702, 0.0667, 0.06638, 0.0664, 0.06605, 0.06598, 0.06586, 0.06585, 0.06559, 0.06555, 0.06555, 0.06529, 0.06516, 0.06488, 0.06476, 0.06465, 0.06441, 0.06429, 0.06417, 0.06378]
[0.00685, 0.01298, 0.01784, 0.03151, 0.05252, 0.05479, 0.05739, 0.05981, 0.06177, 0.06285, 0.06371, 0.06468, 0.06543, 0.06578, 0.06644, 0.06649, 0.06695, 0.06716, 0.06729, 0.06742, 0.06737, 0.06737, 0.0675, 0.06752, 0.06751, 0.06753, 0.06731, 0.06702, 0.0667, 0.06638, 0.0664, 0.06605, 0.06598, 0.06586, 0.06585, 0.06559, 0.06555, 0.06555, 0.06529, 0.06516, 0.06488, 0.06476, 0.06465, 0.06441, 0.06429, 0.06417, 0.06378, 0.06365]
[0.00685, 0.01298, 0.01784, 0.03151, 0.05252, 0.05479, 0.05739, 0.05981, 0.06177, 0.06285, 0.06371, 0.06468, 0.06543, 0.06578, 0.06644, 0.06649, 0.06695, 0.06716, 0.06729, 0.06742, 0.06737, 0.06737, 0.0675, 0.06752, 0.06751, 0.06753, 0.06731, 0.06702, 0.0667, 0.06638, 0.0664, 0.06605, 0.06598, 0.06586, 0.06585, 0.06559, 0.06555, 0.06555, 0.06529, 0.06516, 0.06488, 0.06476, 0.06465, 0.06441, 0.06429, 0.06417, 0.06378, 0.06365, 0.06373]
[0.00685, 0.01298, 0.01784, 0.03151, 0.05252, 0.05479, 0.05739, 0.05981, 0.06177, 0.06285, 0.06371, 0.06468, 0.06543, 0.06578, 0.06644, 0.06649, 0.06695, 0.06716, 0.06729, 0.06742, 0.06737, 0.06737, 0.0675, 0.06752, 0.06751, 0.06753, 0.06731, 0.06702, 0.0667, 0.06638, 0.0664, 0.06605, 0.06598, 0.06586, 0.06585, 0.06559, 0.06555, 0.06555, 0.06529, 0.06516, 0.06488, 0.06476, 0.06465, 0.06441, 0.06429, 0.06417, 0.06378, 0.06365, 0.06373, 0.06338]
[0.00685, 0.01298, 0.01784, 0.03151, 0.05252, 0.05479, 0.05739, 0.05981, 0.06177, 0.06285, 0.06371, 0.06468, 0.06543, 0.06578, 0.06644, 0.06649, 0.06695, 0.06716, 0.06729, 0.06742, 0.06737, 0.06737, 0.0675, 0.06752, 0.06751, 0.06753, 0.06731, 0.06702, 0.0667, 0.06638, 0.0664, 0.06605, 0.06598, 0.06586, 0.06585, 0.06559, 0.06555, 0.06555, 0.06529, 0.06516, 0.06488, 0.06476, 0.06465, 0.06441, 0.06429, 0.06417, 0.06378, 0.06365, 0.06373, 0.06338, 0.06318]
[0.00685, 0.01298, 0.01784, 0.03151, 0.05252, 0.05479, 0.05739, 0.05981, 0.06177, 0.06285, 0.06371, 0.06468, 0.06543, 0.06578, 0.06644, 0.06649, 0.06695, 0.06716, 0.06729, 0.06742, 0.06737, 0.06737, 0.0675, 0.06752, 0.06751, 0.06753, 0.06731, 0.06702, 0.0667, 0.06638, 0.0664, 0.06605, 0.06598, 0.06586, 0.06585, 0.06559, 0.06555, 0.06555, 0.06529, 0.06516, 0.06488, 0.06476, 0.06465, 0.06441, 0.06429, 0.06417, 0.06378, 0.06365, 0.06373, 0.06338, 0.06318, 0.06287]
[0.00685, 0.01298, 0.01784, 0.03151, 0.05252, 0.05479, 0.05739, 0.05981, 0.06177, 0.06285, 0.06371, 0.06468, 0.06543, 0.06578, 0.06644, 0.06649, 0.06695, 0.06716, 0.06729, 0.06742, 0.06737, 0.06737, 0.0675, 0.06752, 0.06751, 0.06753, 0.06731, 0.06702, 0.0667, 0.06638, 0.0664, 0.06605, 0.06598, 0.06586, 0.06585, 0.06559, 0.06555, 0.06555, 0.06529, 0.06516, 0.06488, 0.06476, 0.06465, 0.06441, 0.06429, 0.06417, 0.06378, 0.06365, 0.06373, 0.06338, 0.06318, 0.06287, 0.06261]
[0.00685, 0.01298, 0.01784, 0.03151, 0.05252, 0.05479, 0.05739, 0.05981, 0.06177, 0.06285, 0.06371, 0.06468, 0.06543, 0.06578, 0.06644, 0.06649, 0.06695, 0.06716, 0.06729, 0.06742, 0.06737, 0.06737, 0.0675, 0.06752, 0.06751, 0.06753, 0.06731, 0.06702, 0.0667, 0.06638, 0.0664, 0.06605, 0.06598, 0.06586, 0.06585, 0.06559, 0.06555, 0.06555, 0.06529, 0.06516, 0.06488, 0.06476, 0.06465, 0.06441, 0.06429, 0.06417, 0.06378, 0.06365, 0.06373, 0.06338, 0.06318, 0.06287, 0.06261, 0.06251]
[0.00685, 0.01298, 0.01784, 0.03151, 0.05252, 0.05479, 0.05739, 0.05981, 0.06177, 0.06285, 0.06371, 0.06468, 0.06543, 0.06578, 0.06644, 0.06649, 0.06695, 0.06716, 0.06729, 0.06742, 0.06737, 0.06737, 0.0675, 0.06752, 0.06751, 0.06753, 0.06731, 0.06702, 0.0667, 0.06638, 0.0664, 0.06605, 0.06598, 0.06586, 0.06585, 0.06559, 0.06555, 0.06555, 0.06529, 0.06516, 0.06488, 0.06476, 0.06465, 0.06441, 0.06429, 0.06417, 0.06378, 0.06365, 0.06373, 0.06338, 0.06318, 0.06287, 0.06261, 0.06251, 0.06236]
[0.00685, 0.01298, 0.01784, 0.03151, 0.05252, 0.05479, 0.05739, 0.05981, 0.06177, 0.06285, 0.06371, 0.06468, 0.06543, 0.06578, 0.06644, 0.06649, 0.06695, 0.06716, 0.06729, 0.06742, 0.06737, 0.06737, 0.0675, 0.06752, 0.06751, 0.06753, 0.06731, 0.06702, 0.0667, 0.06638, 0.0664, 0.06605, 0.06598, 0.06586, 0.06585, 0.06559, 0.06555, 0.06555, 0.06529, 0.06516, 0.06488, 0.06476, 0.06465, 0.06441, 0.06429, 0.06417, 0.06378, 0.06365, 0.06373, 0.06338, 0.06318, 0.06287, 0.06261, 0.06251, 0.06236, 0.06209]
[0.00685, 0.01298, 0.01784, 0.03151, 0.05252, 0.05479, 0.05739, 0.05981, 0.06177, 0.06285, 0.06371, 0.06468, 0.06543, 0.06578, 0.06644, 0.06649, 0.06695, 0.06716, 0.06729, 0.06742, 0.06737, 0.06737, 0.0675, 0.06752, 0.06751, 0.06753, 0.06731, 0.06702, 0.0667, 0.06638, 0.0664, 0.06605, 0.06598, 0.06586, 0.06585, 0.06559, 0.06555, 0.06555, 0.06529, 0.06516, 0.06488, 0.06476, 0.06465, 0.06441, 0.06429, 0.06417, 0.06378, 0.06365, 0.06373, 0.06338, 0.06318, 0.06287, 0.06261, 0.06251, 0.06236, 0.06209, 0.06175]
[0.00685, 0.01298, 0.01784, 0.03151, 0.05252, 0.05479, 0.05739, 0.05981, 0.06177, 0.06285, 0.06371, 0.06468, 0.06543, 0.06578, 0.06644, 0.06649, 0.06695, 0.06716, 0.06729, 0.06742, 0.06737, 0.06737, 0.0675, 0.06752, 0.06751, 0.06753, 0.06731, 0.06702, 0.0667, 0.06638, 0.0664, 0.06605, 0.06598, 0.06586, 0.06585, 0.06559, 0.06555, 0.06555, 0.06529, 0.06516, 0.06488, 0.06476, 0.06465, 0.06441, 0.06429, 0.06417, 0.06378, 0.06365, 0.06373, 0.06338, 0.06318, 0.06287, 0.06261, 0.06251, 0.06236, 0.06209, 0.06175, 0.06173]
[0.00685, 0.01298, 0.01784, 0.03151, 0.05252, 0.05479, 0.05739, 0.05981, 0.06177, 0.06285, 0.06371, 0.06468, 0.06543, 0.06578, 0.06644, 0.06649, 0.06695, 0.06716, 0.06729, 0.06742, 0.06737, 0.06737, 0.0675, 0.06752, 0.06751, 0.06753, 0.06731, 0.06702, 0.0667, 0.06638, 0.0664, 0.06605, 0.06598, 0.06586, 0.06585, 0.06559, 0.06555, 0.06555, 0.06529, 0.06516, 0.06488, 0.06476, 0.06465, 0.06441, 0.06429, 0.06417, 0.06378, 0.06365, 0.06373, 0.06338, 0.06318, 0.06287, 0.06261, 0.06251, 0.06236, 0.06209, 0.06175, 0.06173, 0.06162]
[0.00685, 0.01298, 0.01784, 0.03151, 0.05252, 0.05479, 0.05739, 0.05981, 0.06177, 0.06285, 0.06371, 0.06468, 0.06543, 0.06578, 0.06644, 0.06649, 0.06695, 0.06716, 0.06729, 0.06742, 0.06737, 0.06737, 0.0675, 0.06752, 0.06751, 0.06753, 0.06731, 0.06702, 0.0667, 0.06638, 0.0664, 0.06605, 0.06598, 0.06586, 0.06585, 0.06559, 0.06555, 0.06555, 0.06529, 0.06516, 0.06488, 0.06476, 0.06465, 0.06441, 0.06429, 0.06417, 0.06378, 0.06365, 0.06373, 0.06338, 0.06318, 0.06287, 0.06261, 0.06251, 0.06236, 0.06209, 0.06175, 0.06173, 0.06162, 0.06156]
[0.00685, 0.01298, 0.01784, 0.03151, 0.05252, 0.05479, 0.05739, 0.05981, 0.06177, 0.06285, 0.06371, 0.06468, 0.06543, 0.06578, 0.06644, 0.06649, 0.06695, 0.06716, 0.06729, 0.06742, 0.06737, 0.06737, 0.0675, 0.06752, 0.06751, 0.06753, 0.06731, 0.06702, 0.0667, 0.06638, 0.0664, 0.06605, 0.06598, 0.06586, 0.06585, 0.06559, 0.06555, 0.06555, 0.06529, 0.06516, 0.06488, 0.06476, 0.06465, 0.06441, 0.06429, 0.06417, 0.06378, 0.06365, 0.06373, 0.06338, 0.06318, 0.06287, 0.06261, 0.06251, 0.06236, 0.06209, 0.06175, 0.06173, 0.06162, 0.06156, 0.0615]
[0.00685, 0.01298, 0.01784, 0.03151, 0.05252, 0.05479, 0.05739, 0.05981, 0.06177, 0.06285, 0.06371, 0.06468, 0.06543, 0.06578, 0.06644, 0.06649, 0.06695, 0.06716, 0.06729, 0.06742, 0.06737, 0.06737, 0.0675, 0.06752, 0.06751, 0.06753, 0.06731, 0.06702, 0.0667, 0.06638, 0.0664, 0.06605, 0.06598, 0.06586, 0.06585, 0.06559, 0.06555, 0.06555, 0.06529, 0.06516, 0.06488, 0.06476, 0.06465, 0.06441, 0.06429, 0.06417, 0.06378, 0.06365, 0.06373, 0.06338, 0.06318, 0.06287, 0.06261, 0.06251, 0.06236, 0.06209, 0.06175, 0.06173, 0.06162, 0.06156, 0.0615, 0.06139]
[0.00685, 0.01298, 0.01784, 0.03151, 0.05252, 0.05479, 0.05739, 0.05981, 0.06177, 0.06285, 0.06371, 0.06468, 0.06543, 0.06578, 0.06644, 0.06649, 0.06695, 0.06716, 0.06729, 0.06742, 0.06737, 0.06737, 0.0675, 0.06752, 0.06751, 0.06753, 0.06731, 0.06702, 0.0667, 0.06638, 0.0664, 0.06605, 0.06598, 0.06586, 0.06585, 0.06559, 0.06555, 0.06555, 0.06529, 0.06516, 0.06488, 0.06476, 0.06465, 0.06441, 0.06429, 0.06417, 0.06378, 0.06365, 0.06373, 0.06338, 0.06318, 0.06287, 0.06261, 0.06251, 0.06236, 0.06209, 0.06175, 0.06173, 0.06162, 0.06156, 0.0615, 0.06139, 0.06124]
[0.00685, 0.01298, 0.01784, 0.03151, 0.05252, 0.05479, 0.05739, 0.05981, 0.06177, 0.06285, 0.06371, 0.06468, 0.06543, 0.06578, 0.06644, 0.06649, 0.06695, 0.06716, 0.06729, 0.06742, 0.06737, 0.06737, 0.0675, 0.06752, 0.06751, 0.06753, 0.06731, 0.06702, 0.0667, 0.06638, 0.0664, 0.06605, 0.06598, 0.06586, 0.06585, 0.06559, 0.06555, 0.06555, 0.06529, 0.06516, 0.06488, 0.06476, 0.06465, 0.06441, 0.06429, 0.06417, 0.06378, 0.06365, 0.06373, 0.06338, 0.06318, 0.06287, 0.06261, 0.06251, 0.06236, 0.06209, 0.06175, 0.06173, 0.06162, 0.06156, 0.0615, 0.06139, 0.06124, 0.06111]
[0.00685, 0.01298, 0.01784, 0.03151, 0.05252, 0.05479, 0.05739, 0.05981, 0.06177, 0.06285, 0.06371, 0.06468, 0.06543, 0.06578, 0.06644, 0.06649, 0.06695, 0.06716, 0.06729, 0.06742, 0.06737, 0.06737, 0.0675, 0.06752, 0.06751, 0.06753, 0.06731, 0.06702, 0.0667, 0.06638, 0.0664, 0.06605, 0.06598, 0.06586, 0.06585, 0.06559, 0.06555, 0.06555, 0.06529, 0.06516, 0.06488, 0.06476, 0.06465, 0.06441, 0.06429, 0.06417, 0.06378, 0.06365, 0.06373, 0.06338, 0.06318, 0.06287, 0.06261, 0.06251, 0.06236, 0.06209, 0.06175, 0.06173, 0.06162, 0.06156, 0.0615, 0.06139, 0.06124, 0.06111, 0.06089]
[0.00685, 0.01298, 0.01784, 0.03151, 0.05252, 0.05479, 0.05739, 0.05981, 0.06177, 0.06285, 0.06371, 0.06468, 0.06543, 0.06578, 0.06644, 0.06649, 0.06695, 0.06716, 0.06729, 0.06742, 0.06737, 0.06737, 0.0675, 0.06752, 0.06751, 0.06753, 0.06731, 0.06702, 0.0667, 0.06638, 0.0664, 0.06605, 0.06598, 0.06586, 0.06585, 0.06559, 0.06555, 0.06555, 0.06529, 0.06516, 0.06488, 0.06476, 0.06465, 0.06441, 0.06429, 0.06417, 0.06378, 0.06365, 0.06373, 0.06338, 0.06318, 0.06287, 0.06261, 0.06251, 0.06236, 0.06209, 0.06175, 0.06173, 0.06162, 0.06156, 0.0615, 0.06139, 0.06124, 0.06111, 0.06089, 0.06065]
[0.00685, 0.01298, 0.01784, 0.03151, 0.05252, 0.05479, 0.05739, 0.05981, 0.06177, 0.06285, 0.06371, 0.06468, 0.06543, 0.06578, 0.06644, 0.06649, 0.06695, 0.06716, 0.06729, 0.06742, 0.06737, 0.06737, 0.0675, 0.06752, 0.06751, 0.06753, 0.06731, 0.06702, 0.0667, 0.06638, 0.0664, 0.06605, 0.06598, 0.06586, 0.06585, 0.06559, 0.06555, 0.06555, 0.06529, 0.06516, 0.06488, 0.06476, 0.06465, 0.06441, 0.06429, 0.06417, 0.06378, 0.06365, 0.06373, 0.06338, 0.06318, 0.06287, 0.06261, 0.06251, 0.06236, 0.06209, 0.06175, 0.06173, 0.06162, 0.06156, 0.0615, 0.06139, 0.06124, 0.06111, 0.06089, 0.06065, 0.06066]
[0.00685, 0.01298, 0.01784, 0.03151, 0.05252, 0.05479, 0.05739, 0.05981, 0.06177, 0.06285, 0.06371, 0.06468, 0.06543, 0.06578, 0.06644, 0.06649, 0.06695, 0.06716, 0.06729, 0.06742, 0.06737, 0.06737, 0.0675, 0.06752, 0.06751, 0.06753, 0.06731, 0.06702, 0.0667, 0.06638, 0.0664, 0.06605, 0.06598, 0.06586, 0.06585, 0.06559, 0.06555, 0.06555, 0.06529, 0.06516, 0.06488, 0.06476, 0.06465, 0.06441, 0.06429, 0.06417, 0.06378, 0.06365, 0.06373, 0.06338, 0.06318, 0.06287, 0.06261, 0.06251, 0.06236, 0.06209, 0.06175, 0.06173, 0.06162, 0.06156, 0.0615, 0.06139, 0.06124, 0.06111, 0.06089, 0.06065, 0.06066, 0.06034]
[0.00685, 0.01298, 0.01784, 0.03151, 0.05252, 0.05479, 0.05739, 0.05981, 0.06177, 0.06285, 0.06371, 0.06468, 0.06543, 0.06578, 0.06644, 0.06649, 0.06695, 0.06716, 0.06729, 0.06742, 0.06737, 0.06737, 0.0675, 0.06752, 0.06751, 0.06753, 0.06731, 0.06702, 0.0667, 0.06638, 0.0664, 0.06605, 0.06598, 0.06586, 0.06585, 0.06559, 0.06555, 0.06555, 0.06529, 0.06516, 0.06488, 0.06476, 0.06465, 0.06441, 0.06429, 0.06417, 0.06378, 0.06365, 0.06373, 0.06338, 0.06318, 0.06287, 0.06261, 0.06251, 0.06236, 0.06209, 0.06175, 0.06173, 0.06162, 0.06156, 0.0615, 0.06139, 0.06124, 0.06111, 0.06089, 0.06065, 0.06066, 0.06034, 0.06005]
[0.00685, 0.01298, 0.01784, 0.03151, 0.05252, 0.05479, 0.05739, 0.05981, 0.06177, 0.06285, 0.06371, 0.06468, 0.06543, 0.06578, 0.06644, 0.06649, 0.06695, 0.06716, 0.06729, 0.06742, 0.06737, 0.06737, 0.0675, 0.06752, 0.06751, 0.06753, 0.06731, 0.06702, 0.0667, 0.06638, 0.0664, 0.06605, 0.06598, 0.06586, 0.06585, 0.06559, 0.06555, 0.06555, 0.06529, 0.06516, 0.06488, 0.06476, 0.06465, 0.06441, 0.06429, 0.06417, 0.06378, 0.06365, 0.06373, 0.06338, 0.06318, 0.06287, 0.06261, 0.06251, 0.06236, 0.06209, 0.06175, 0.06173, 0.06162, 0.06156, 0.0615, 0.06139, 0.06124, 0.06111, 0.06089, 0.06065, 0.06066, 0.06034, 0.06005, 0.06003]
[0.00685, 0.01298, 0.01784, 0.03151, 0.05252, 0.05479, 0.05739, 0.05981, 0.06177, 0.06285, 0.06371, 0.06468, 0.06543, 0.06578, 0.06644, 0.06649, 0.06695, 0.06716, 0.06729, 0.06742, 0.06737, 0.06737, 0.0675, 0.06752, 0.06751, 0.06753, 0.06731, 0.06702, 0.0667, 0.06638, 0.0664, 0.06605, 0.06598, 0.06586, 0.06585, 0.06559, 0.06555, 0.06555, 0.06529, 0.06516, 0.06488, 0.06476, 0.06465, 0.06441, 0.06429, 0.06417, 0.06378, 0.06365, 0.06373, 0.06338, 0.06318, 0.06287, 0.06261, 0.06251, 0.06236, 0.06209, 0.06175, 0.06173, 0.06162, 0.06156, 0.0615, 0.06139, 0.06124, 0.06111, 0.06089, 0.06065, 0.06066, 0.06034, 0.06005, 0.06003, 0.0599]
[0.00685, 0.01298, 0.01784, 0.03151, 0.05252, 0.05479, 0.05739, 0.05981, 0.06177, 0.06285, 0.06371, 0.06468, 0.06543, 0.06578, 0.06644, 0.06649, 0.06695, 0.06716, 0.06729, 0.06742, 0.06737, 0.06737, 0.0675, 0.06752, 0.06751, 0.06753, 0.06731, 0.06702, 0.0667, 0.06638, 0.0664, 0.06605, 0.06598, 0.06586, 0.06585, 0.06559, 0.06555, 0.06555, 0.06529, 0.06516, 0.06488, 0.06476, 0.06465, 0.06441, 0.06429, 0.06417, 0.06378, 0.06365, 0.06373, 0.06338, 0.06318, 0.06287, 0.06261, 0.06251, 0.06236, 0.06209, 0.06175, 0.06173, 0.06162, 0.06156, 0.0615, 0.06139, 0.06124, 0.06111, 0.06089, 0.06065, 0.06066, 0.06034, 0.06005, 0.06003, 0.0599, 0.05986]
[0.00685, 0.01298, 0.01784, 0.03151, 0.05252, 0.05479, 0.05739, 0.05981, 0.06177, 0.06285, 0.06371, 0.06468, 0.06543, 0.06578, 0.06644, 0.06649, 0.06695, 0.06716, 0.06729, 0.06742, 0.06737, 0.06737, 0.0675, 0.06752, 0.06751, 0.06753, 0.06731, 0.06702, 0.0667, 0.06638, 0.0664, 0.06605, 0.06598, 0.06586, 0.06585, 0.06559, 0.06555, 0.06555, 0.06529, 0.06516, 0.06488, 0.06476, 0.06465, 0.06441, 0.06429, 0.06417, 0.06378, 0.06365, 0.06373, 0.06338, 0.06318, 0.06287, 0.06261, 0.06251, 0.06236, 0.06209, 0.06175, 0.06173, 0.06162, 0.06156, 0.0615, 0.06139, 0.06124, 0.06111, 0.06089, 0.06065, 0.06066, 0.06034, 0.06005, 0.06003, 0.0599, 0.05986, 0.05949]
[0.00685, 0.01298, 0.01784, 0.03151, 0.05252, 0.05479, 0.05739, 0.05981, 0.06177, 0.06285, 0.06371, 0.06468, 0.06543, 0.06578, 0.06644, 0.06649, 0.06695, 0.06716, 0.06729, 0.06742, 0.06737, 0.06737, 0.0675, 0.06752, 0.06751, 0.06753, 0.06731, 0.06702, 0.0667, 0.06638, 0.0664, 0.06605, 0.06598, 0.06586, 0.06585, 0.06559, 0.06555, 0.06555, 0.06529, 0.06516, 0.06488, 0.06476, 0.06465, 0.06441, 0.06429, 0.06417, 0.06378, 0.06365, 0.06373, 0.06338, 0.06318, 0.06287, 0.06261, 0.06251, 0.06236, 0.06209, 0.06175, 0.06173, 0.06162, 0.06156, 0.0615, 0.06139, 0.06124, 0.06111, 0.06089, 0.06065, 0.06066, 0.06034, 0.06005, 0.06003, 0.0599, 0.05986, 0.05949, 0.0595]
[0.00685, 0.01298, 0.01784, 0.03151, 0.05252, 0.05479, 0.05739, 0.05981, 0.06177, 0.06285, 0.06371, 0.06468, 0.06543, 0.06578, 0.06644, 0.06649, 0.06695, 0.06716, 0.06729, 0.06742, 0.06737, 0.06737, 0.0675, 0.06752, 0.06751, 0.06753, 0.06731, 0.06702, 0.0667, 0.06638, 0.0664, 0.06605, 0.06598, 0.06586, 0.06585, 0.06559, 0.06555, 0.06555, 0.06529, 0.06516, 0.06488, 0.06476, 0.06465, 0.06441, 0.06429, 0.06417, 0.06378, 0.06365, 0.06373, 0.06338, 0.06318, 0.06287, 0.06261, 0.06251, 0.06236, 0.06209, 0.06175, 0.06173, 0.06162, 0.06156, 0.0615, 0.06139, 0.06124, 0.06111, 0.06089, 0.06065, 0.06066, 0.06034, 0.06005, 0.06003, 0.0599, 0.05986, 0.05949, 0.0595, 0.05934]
[0.00685, 0.01298, 0.01784, 0.03151, 0.05252, 0.05479, 0.05739, 0.05981, 0.06177, 0.06285, 0.06371, 0.06468, 0.06543, 0.06578, 0.06644, 0.06649, 0.06695, 0.06716, 0.06729, 0.06742, 0.06737, 0.06737, 0.0675, 0.06752, 0.06751, 0.06753, 0.06731, 0.06702, 0.0667, 0.06638, 0.0664, 0.06605, 0.06598, 0.06586, 0.06585, 0.06559, 0.06555, 0.06555, 0.06529, 0.06516, 0.06488, 0.06476, 0.06465, 0.06441, 0.06429, 0.06417, 0.06378, 0.06365, 0.06373, 0.06338, 0.06318, 0.06287, 0.06261, 0.06251, 0.06236, 0.06209, 0.06175, 0.06173, 0.06162, 0.06156, 0.0615, 0.06139, 0.06124, 0.06111, 0.06089, 0.06065, 0.06066, 0.06034, 0.06005, 0.06003, 0.0599, 0.05986, 0.05949, 0.0595, 0.05934, 0.05906]
[0.00685, 0.01298, 0.01784, 0.03151, 0.05252, 0.05479, 0.05739, 0.05981, 0.06177, 0.06285, 0.06371, 0.06468, 0.06543, 0.06578, 0.06644, 0.06649, 0.06695, 0.06716, 0.06729, 0.06742, 0.06737, 0.06737, 0.0675, 0.06752, 0.06751, 0.06753, 0.06731, 0.06702, 0.0667, 0.06638, 0.0664, 0.06605, 0.06598, 0.06586, 0.06585, 0.06559, 0.06555, 0.06555, 0.06529, 0.06516, 0.06488, 0.06476, 0.06465, 0.06441, 0.06429, 0.06417, 0.06378, 0.06365, 0.06373, 0.06338, 0.06318, 0.06287, 0.06261, 0.06251, 0.06236, 0.06209, 0.06175, 0.06173, 0.06162, 0.06156, 0.0615, 0.06139, 0.06124, 0.06111, 0.06089, 0.06065, 0.06066, 0.06034, 0.06005, 0.06003, 0.0599, 0.05986, 0.05949, 0.0595, 0.05934, 0.05906, 0.05894]
[0.00685, 0.01298, 0.01784, 0.03151, 0.05252, 0.05479, 0.05739, 0.05981, 0.06177, 0.06285, 0.06371, 0.06468, 0.06543, 0.06578, 0.06644, 0.06649, 0.06695, 0.06716, 0.06729, 0.06742, 0.06737, 0.06737, 0.0675, 0.06752, 0.06751, 0.06753, 0.06731, 0.06702, 0.0667, 0.06638, 0.0664, 0.06605, 0.06598, 0.06586, 0.06585, 0.06559, 0.06555, 0.06555, 0.06529, 0.06516, 0.06488, 0.06476, 0.06465, 0.06441, 0.06429, 0.06417, 0.06378, 0.06365, 0.06373, 0.06338, 0.06318, 0.06287, 0.06261, 0.06251, 0.06236, 0.06209, 0.06175, 0.06173, 0.06162, 0.06156, 0.0615, 0.06139, 0.06124, 0.06111, 0.06089, 0.06065, 0.06066, 0.06034, 0.06005, 0.06003, 0.0599, 0.05986, 0.05949, 0.0595, 0.05934, 0.05906, 0.05894, 0.0587]
[0.00685, 0.01298, 0.01784, 0.03151, 0.05252, 0.05479, 0.05739, 0.05981, 0.06177, 0.06285, 0.06371, 0.06468, 0.06543, 0.06578, 0.06644, 0.06649, 0.06695, 0.06716, 0.06729, 0.06742, 0.06737, 0.06737, 0.0675, 0.06752, 0.06751, 0.06753, 0.06731, 0.06702, 0.0667, 0.06638, 0.0664, 0.06605, 0.06598, 0.06586, 0.06585, 0.06559, 0.06555, 0.06555, 0.06529, 0.06516, 0.06488, 0.06476, 0.06465, 0.06441, 0.06429, 0.06417, 0.06378, 0.06365, 0.06373, 0.06338, 0.06318, 0.06287, 0.06261, 0.06251, 0.06236, 0.06209, 0.06175, 0.06173, 0.06162, 0.06156, 0.0615, 0.06139, 0.06124, 0.06111, 0.06089, 0.06065, 0.06066, 0.06034, 0.06005, 0.06003, 0.0599, 0.05986, 0.05949, 0.0595, 0.05934, 0.05906, 0.05894, 0.0587, 0.05869]
[0.00685, 0.01298, 0.01784, 0.03151, 0.05252, 0.05479, 0.05739, 0.05981, 0.06177, 0.06285, 0.06371, 0.06468, 0.06543, 0.06578, 0.06644, 0.06649, 0.06695, 0.06716, 0.06729, 0.06742, 0.06737, 0.06737, 0.0675, 0.06752, 0.06751, 0.06753, 0.06731, 0.06702, 0.0667, 0.06638, 0.0664, 0.06605, 0.06598, 0.06586, 0.06585, 0.06559, 0.06555, 0.06555, 0.06529, 0.06516, 0.06488, 0.06476, 0.06465, 0.06441, 0.06429, 0.06417, 0.06378, 0.06365, 0.06373, 0.06338, 0.06318, 0.06287, 0.06261, 0.06251, 0.06236, 0.06209, 0.06175, 0.06173, 0.06162, 0.06156, 0.0615, 0.06139, 0.06124, 0.06111, 0.06089, 0.06065, 0.06066, 0.06034, 0.06005, 0.06003, 0.0599, 0.05986, 0.05949, 0.0595, 0.05934, 0.05906, 0.05894, 0.0587, 0.05869, 0.05858]
[0.00685, 0.01298, 0.01784, 0.03151, 0.05252, 0.05479, 0.05739, 0.05981, 0.06177, 0.06285, 0.06371, 0.06468, 0.06543, 0.06578, 0.06644, 0.06649, 0.06695, 0.06716, 0.06729, 0.06742, 0.06737, 0.06737, 0.0675, 0.06752, 0.06751, 0.06753, 0.06731, 0.06702, 0.0667, 0.06638, 0.0664, 0.06605, 0.06598, 0.06586, 0.06585, 0.06559, 0.06555, 0.06555, 0.06529, 0.06516, 0.06488, 0.06476, 0.06465, 0.06441, 0.06429, 0.06417, 0.06378, 0.06365, 0.06373, 0.06338, 0.06318, 0.06287, 0.06261, 0.06251, 0.06236, 0.06209, 0.06175, 0.06173, 0.06162, 0.06156, 0.0615, 0.06139, 0.06124, 0.06111, 0.06089, 0.06065, 0.06066, 0.06034, 0.06005, 0.06003, 0.0599, 0.05986, 0.05949, 0.0595, 0.05934, 0.05906, 0.05894, 0.0587, 0.05869, 0.05858, 0.05851]
[0.00685, 0.01298, 0.01784, 0.03151, 0.05252, 0.05479, 0.05739, 0.05981, 0.06177, 0.06285, 0.06371, 0.06468, 0.06543, 0.06578, 0.06644, 0.06649, 0.06695, 0.06716, 0.06729, 0.06742, 0.06737, 0.06737, 0.0675, 0.06752, 0.06751, 0.06753, 0.06731, 0.06702, 0.0667, 0.06638, 0.0664, 0.06605, 0.06598, 0.06586, 0.06585, 0.06559, 0.06555, 0.06555, 0.06529, 0.06516, 0.06488, 0.06476, 0.06465, 0.06441, 0.06429, 0.06417, 0.06378, 0.06365, 0.06373, 0.06338, 0.06318, 0.06287, 0.06261, 0.06251, 0.06236, 0.06209, 0.06175, 0.06173, 0.06162, 0.06156, 0.0615, 0.06139, 0.06124, 0.06111, 0.06089, 0.06065, 0.06066, 0.06034, 0.06005, 0.06003, 0.0599, 0.05986, 0.05949, 0.0595, 0.05934, 0.05906, 0.05894, 0.0587, 0.05869, 0.05858, 0.05851, 0.05823]
[0.00685, 0.01298, 0.01784, 0.03151, 0.05252, 0.05479, 0.05739, 0.05981, 0.06177, 0.06285, 0.06371, 0.06468, 0.06543, 0.06578, 0.06644, 0.06649, 0.06695, 0.06716, 0.06729, 0.06742, 0.06737, 0.06737, 0.0675, 0.06752, 0.06751, 0.06753, 0.06731, 0.06702, 0.0667, 0.06638, 0.0664, 0.06605, 0.06598, 0.06586, 0.06585, 0.06559, 0.06555, 0.06555, 0.06529, 0.06516, 0.06488, 0.06476, 0.06465, 0.06441, 0.06429, 0.06417, 0.06378, 0.06365, 0.06373, 0.06338, 0.06318, 0.06287, 0.06261, 0.06251, 0.06236, 0.06209, 0.06175, 0.06173, 0.06162, 0.06156, 0.0615, 0.06139, 0.06124, 0.06111, 0.06089, 0.06065, 0.06066, 0.06034, 0.06005, 0.06003, 0.0599, 0.05986, 0.05949, 0.0595, 0.05934, 0.05906, 0.05894, 0.0587, 0.05869, 0.05858, 0.05851, 0.05823, 0.05809]
[0.00685, 0.01298, 0.01784, 0.03151, 0.05252, 0.05479, 0.05739, 0.05981, 0.06177, 0.06285, 0.06371, 0.06468, 0.06543, 0.06578, 0.06644, 0.06649, 0.06695, 0.06716, 0.06729, 0.06742, 0.06737, 0.06737, 0.0675, 0.06752, 0.06751, 0.06753, 0.06731, 0.06702, 0.0667, 0.06638, 0.0664, 0.06605, 0.06598, 0.06586, 0.06585, 0.06559, 0.06555, 0.06555, 0.06529, 0.06516, 0.06488, 0.06476, 0.06465, 0.06441, 0.06429, 0.06417, 0.06378, 0.06365, 0.06373, 0.06338, 0.06318, 0.06287, 0.06261, 0.06251, 0.06236, 0.06209, 0.06175, 0.06173, 0.06162, 0.06156, 0.0615, 0.06139, 0.06124, 0.06111, 0.06089, 0.06065, 0.06066, 0.06034, 0.06005, 0.06003, 0.0599, 0.05986, 0.05949, 0.0595, 0.05934, 0.05906, 0.05894, 0.0587, 0.05869, 0.05858, 0.05851, 0.05823, 0.05809, 0.0579]
[0.00685, 0.01298, 0.01784, 0.03151, 0.05252, 0.05479, 0.05739, 0.05981, 0.06177, 0.06285, 0.06371, 0.06468, 0.06543, 0.06578, 0.06644, 0.06649, 0.06695, 0.06716, 0.06729, 0.06742, 0.06737, 0.06737, 0.0675, 0.06752, 0.06751, 0.06753, 0.06731, 0.06702, 0.0667, 0.06638, 0.0664, 0.06605, 0.06598, 0.06586, 0.06585, 0.06559, 0.06555, 0.06555, 0.06529, 0.06516, 0.06488, 0.06476, 0.06465, 0.06441, 0.06429, 0.06417, 0.06378, 0.06365, 0.06373, 0.06338, 0.06318, 0.06287, 0.06261, 0.06251, 0.06236, 0.06209, 0.06175, 0.06173, 0.06162, 0.06156, 0.0615, 0.06139, 0.06124, 0.06111, 0.06089, 0.06065, 0.06066, 0.06034, 0.06005, 0.06003, 0.0599, 0.05986, 0.05949, 0.0595, 0.05934, 0.05906, 0.05894, 0.0587, 0.05869, 0.05858, 0.05851, 0.05823, 0.05809, 0.0579, 0.05781]
[0.00685, 0.01298, 0.01784, 0.03151, 0.05252, 0.05479, 0.05739, 0.05981, 0.06177, 0.06285, 0.06371, 0.06468, 0.06543, 0.06578, 0.06644, 0.06649, 0.06695, 0.06716, 0.06729, 0.06742, 0.06737, 0.06737, 0.0675, 0.06752, 0.06751, 0.06753, 0.06731, 0.06702, 0.0667, 0.06638, 0.0664, 0.06605, 0.06598, 0.06586, 0.06585, 0.06559, 0.06555, 0.06555, 0.06529, 0.06516, 0.06488, 0.06476, 0.06465, 0.06441, 0.06429, 0.06417, 0.06378, 0.06365, 0.06373, 0.06338, 0.06318, 0.06287, 0.06261, 0.06251, 0.06236, 0.06209, 0.06175, 0.06173, 0.06162, 0.06156, 0.0615, 0.06139, 0.06124, 0.06111, 0.06089, 0.06065, 0.06066, 0.06034, 0.06005, 0.06003, 0.0599, 0.05986, 0.05949, 0.0595, 0.05934, 0.05906, 0.05894, 0.0587, 0.05869, 0.05858, 0.05851, 0.05823, 0.05809, 0.0579, 0.05781, 0.0577]
[0.00685, 0.01298, 0.01784, 0.03151, 0.05252, 0.05479, 0.05739, 0.05981, 0.06177, 0.06285, 0.06371, 0.06468, 0.06543, 0.06578, 0.06644, 0.06649, 0.06695, 0.06716, 0.06729, 0.06742, 0.06737, 0.06737, 0.0675, 0.06752, 0.06751, 0.06753, 0.06731, 0.06702, 0.0667, 0.06638, 0.0664, 0.06605, 0.06598, 0.06586, 0.06585, 0.06559, 0.06555, 0.06555, 0.06529, 0.06516, 0.06488, 0.06476, 0.06465, 0.06441, 0.06429, 0.06417, 0.06378, 0.06365, 0.06373, 0.06338, 0.06318, 0.06287, 0.06261, 0.06251, 0.06236, 0.06209, 0.06175, 0.06173, 0.06162, 0.06156, 0.0615, 0.06139, 0.06124, 0.06111, 0.06089, 0.06065, 0.06066, 0.06034, 0.06005, 0.06003, 0.0599, 0.05986, 0.05949, 0.0595, 0.05934, 0.05906, 0.05894, 0.0587, 0.05869, 0.05858, 0.05851, 0.05823, 0.05809, 0.0579, 0.05781, 0.0577, 0.05748]
[0.00685, 0.01298, 0.01784, 0.03151, 0.05252, 0.05479, 0.05739, 0.05981, 0.06177, 0.06285, 0.06371, 0.06468, 0.06543, 0.06578, 0.06644, 0.06649, 0.06695, 0.06716, 0.06729, 0.06742, 0.06737, 0.06737, 0.0675, 0.06752, 0.06751, 0.06753, 0.06731, 0.06702, 0.0667, 0.06638, 0.0664, 0.06605, 0.06598, 0.06586, 0.06585, 0.06559, 0.06555, 0.06555, 0.06529, 0.06516, 0.06488, 0.06476, 0.06465, 0.06441, 0.06429, 0.06417, 0.06378, 0.06365, 0.06373, 0.06338, 0.06318, 0.06287, 0.06261, 0.06251, 0.06236, 0.06209, 0.06175, 0.06173, 0.06162, 0.06156, 0.0615, 0.06139, 0.06124, 0.06111, 0.06089, 0.06065, 0.06066, 0.06034, 0.06005, 0.06003, 0.0599, 0.05986, 0.05949, 0.0595, 0.05934, 0.05906, 0.05894, 0.0587, 0.05869, 0.05858, 0.05851, 0.05823, 0.05809, 0.0579, 0.05781, 0.0577, 0.05748, 0.05738]
[0.00685, 0.01298, 0.01784, 0.03151, 0.05252, 0.05479, 0.05739, 0.05981, 0.06177, 0.06285, 0.06371, 0.06468, 0.06543, 0.06578, 0.06644, 0.06649, 0.06695, 0.06716, 0.06729, 0.06742, 0.06737, 0.06737, 0.0675, 0.06752, 0.06751, 0.06753, 0.06731, 0.06702, 0.0667, 0.06638, 0.0664, 0.06605, 0.06598, 0.06586, 0.06585, 0.06559, 0.06555, 0.06555, 0.06529, 0.06516, 0.06488, 0.06476, 0.06465, 0.06441, 0.06429, 0.06417, 0.06378, 0.06365, 0.06373, 0.06338, 0.06318, 0.06287, 0.06261, 0.06251, 0.06236, 0.06209, 0.06175, 0.06173, 0.06162, 0.06156, 0.0615, 0.06139, 0.06124, 0.06111, 0.06089, 0.06065, 0.06066, 0.06034, 0.06005, 0.06003, 0.0599, 0.05986, 0.05949, 0.0595, 0.05934, 0.05906, 0.05894, 0.0587, 0.05869, 0.05858, 0.05851, 0.05823, 0.05809, 0.0579, 0.05781, 0.0577, 0.05748, 0.05738, 0.05723]
[0.00685, 0.01298, 0.01784, 0.03151, 0.05252, 0.05479, 0.05739, 0.05981, 0.06177, 0.06285, 0.06371, 0.06468, 0.06543, 0.06578, 0.06644, 0.06649, 0.06695, 0.06716, 0.06729, 0.06742, 0.06737, 0.06737, 0.0675, 0.06752, 0.06751, 0.06753, 0.06731, 0.06702, 0.0667, 0.06638, 0.0664, 0.06605, 0.06598, 0.06586, 0.06585, 0.06559, 0.06555, 0.06555, 0.06529, 0.06516, 0.06488, 0.06476, 0.06465, 0.06441, 0.06429, 0.06417, 0.06378, 0.06365, 0.06373, 0.06338, 0.06318, 0.06287, 0.06261, 0.06251, 0.06236, 0.06209, 0.06175, 0.06173, 0.06162, 0.06156, 0.0615, 0.06139, 0.06124, 0.06111, 0.06089, 0.06065, 0.06066, 0.06034, 0.06005, 0.06003, 0.0599, 0.05986, 0.05949, 0.0595, 0.05934, 0.05906, 0.05894, 0.0587, 0.05869, 0.05858, 0.05851, 0.05823, 0.05809, 0.0579, 0.05781, 0.0577, 0.05748, 0.05738, 0.05723, 0.05707]
[0.00685, 0.01298, 0.01784, 0.03151, 0.05252, 0.05479, 0.05739, 0.05981, 0.06177, 0.06285, 0.06371, 0.06468, 0.06543, 0.06578, 0.06644, 0.06649, 0.06695, 0.06716, 0.06729, 0.06742, 0.06737, 0.06737, 0.0675, 0.06752, 0.06751, 0.06753, 0.06731, 0.06702, 0.0667, 0.06638, 0.0664, 0.06605, 0.06598, 0.06586, 0.06585, 0.06559, 0.06555, 0.06555, 0.06529, 0.06516, 0.06488, 0.06476, 0.06465, 0.06441, 0.06429, 0.06417, 0.06378, 0.06365, 0.06373, 0.06338, 0.06318, 0.06287, 0.06261, 0.06251, 0.06236, 0.06209, 0.06175, 0.06173, 0.06162, 0.06156, 0.0615, 0.06139, 0.06124, 0.06111, 0.06089, 0.06065, 0.06066, 0.06034, 0.06005, 0.06003, 0.0599, 0.05986, 0.05949, 0.0595, 0.05934, 0.05906, 0.05894, 0.0587, 0.05869, 0.05858, 0.05851, 0.05823, 0.05809, 0.0579, 0.05781, 0.0577, 0.05748, 0.05738, 0.05723, 0.05707, 0.05685]
[0.00685, 0.01298, 0.01784, 0.03151, 0.05252, 0.05479, 0.05739, 0.05981, 0.06177, 0.06285, 0.06371, 0.06468, 0.06543, 0.06578, 0.06644, 0.06649, 0.06695, 0.06716, 0.06729, 0.06742, 0.06737, 0.06737, 0.0675, 0.06752, 0.06751, 0.06753, 0.06731, 0.06702, 0.0667, 0.06638, 0.0664, 0.06605, 0.06598, 0.06586, 0.06585, 0.06559, 0.06555, 0.06555, 0.06529, 0.06516, 0.06488, 0.06476, 0.06465, 0.06441, 0.06429, 0.06417, 0.06378, 0.06365, 0.06373, 0.06338, 0.06318, 0.06287, 0.06261, 0.06251, 0.06236, 0.06209, 0.06175, 0.06173, 0.06162, 0.06156, 0.0615, 0.06139, 0.06124, 0.06111, 0.06089, 0.06065, 0.06066, 0.06034, 0.06005, 0.06003, 0.0599, 0.05986, 0.05949, 0.0595, 0.05934, 0.05906, 0.05894, 0.0587, 0.05869, 0.05858, 0.05851, 0.05823, 0.05809, 0.0579, 0.05781, 0.0577, 0.05748, 0.05738, 0.05723, 0.05707, 0.05685, 0.05682]
[0.00685, 0.01298, 0.01784, 0.03151, 0.05252, 0.05479, 0.05739, 0.05981, 0.06177, 0.06285, 0.06371, 0.06468, 0.06543, 0.06578, 0.06644, 0.06649, 0.06695, 0.06716, 0.06729, 0.06742, 0.06737, 0.06737, 0.0675, 0.06752, 0.06751, 0.06753, 0.06731, 0.06702, 0.0667, 0.06638, 0.0664, 0.06605, 0.06598, 0.06586, 0.06585, 0.06559, 0.06555, 0.06555, 0.06529, 0.06516, 0.06488, 0.06476, 0.06465, 0.06441, 0.06429, 0.06417, 0.06378, 0.06365, 0.06373, 0.06338, 0.06318, 0.06287, 0.06261, 0.06251, 0.06236, 0.06209, 0.06175, 0.06173, 0.06162, 0.06156, 0.0615, 0.06139, 0.06124, 0.06111, 0.06089, 0.06065, 0.06066, 0.06034, 0.06005, 0.06003, 0.0599, 0.05986, 0.05949, 0.0595, 0.05934, 0.05906, 0.05894, 0.0587, 0.05869, 0.05858, 0.05851, 0.05823, 0.05809, 0.0579, 0.05781, 0.0577, 0.05748, 0.05738, 0.05723, 0.05707, 0.05685, 0.05682, 0.05656]
[0.00685, 0.01298, 0.01784, 0.03151, 0.05252, 0.05479, 0.05739, 0.05981, 0.06177, 0.06285, 0.06371, 0.06468, 0.06543, 0.06578, 0.06644, 0.06649, 0.06695, 0.06716, 0.06729, 0.06742, 0.06737, 0.06737, 0.0675, 0.06752, 0.06751, 0.06753, 0.06731, 0.06702, 0.0667, 0.06638, 0.0664, 0.06605, 0.06598, 0.06586, 0.06585, 0.06559, 0.06555, 0.06555, 0.06529, 0.06516, 0.06488, 0.06476, 0.06465, 0.06441, 0.06429, 0.06417, 0.06378, 0.06365, 0.06373, 0.06338, 0.06318, 0.06287, 0.06261, 0.06251, 0.06236, 0.06209, 0.06175, 0.06173, 0.06162, 0.06156, 0.0615, 0.06139, 0.06124, 0.06111, 0.06089, 0.06065, 0.06066, 0.06034, 0.06005, 0.06003, 0.0599, 0.05986, 0.05949, 0.0595, 0.05934, 0.05906, 0.05894, 0.0587, 0.05869, 0.05858, 0.05851, 0.05823, 0.05809, 0.0579, 0.05781, 0.0577, 0.05748, 0.05738, 0.05723, 0.05707, 0.05685, 0.05682, 0.05656, 0.0564]
[0.00685, 0.01298, 0.01784, 0.03151, 0.05252, 0.05479, 0.05739, 0.05981, 0.06177, 0.06285, 0.06371, 0.06468, 0.06543, 0.06578, 0.06644, 0.06649, 0.06695, 0.06716, 0.06729, 0.06742, 0.06737, 0.06737, 0.0675, 0.06752, 0.06751, 0.06753, 0.06731, 0.06702, 0.0667, 0.06638, 0.0664, 0.06605, 0.06598, 0.06586, 0.06585, 0.06559, 0.06555, 0.06555, 0.06529, 0.06516, 0.06488, 0.06476, 0.06465, 0.06441, 0.06429, 0.06417, 0.06378, 0.06365, 0.06373, 0.06338, 0.06318, 0.06287, 0.06261, 0.06251, 0.06236, 0.06209, 0.06175, 0.06173, 0.06162, 0.06156, 0.0615, 0.06139, 0.06124, 0.06111, 0.06089, 0.06065, 0.06066, 0.06034, 0.06005, 0.06003, 0.0599, 0.05986, 0.05949, 0.0595, 0.05934, 0.05906, 0.05894, 0.0587, 0.05869, 0.05858, 0.05851, 0.05823, 0.05809, 0.0579, 0.05781, 0.0577, 0.05748, 0.05738, 0.05723, 0.05707, 0.05685, 0.05682, 0.05656, 0.0564, 0.05643]
