[0.00878]
[0.00878, 0.01486]
[0.00878, 0.01486, 0.01954]
[0.00878, 0.01486, 0.01954, 0.03843]
[0.00878, 0.01486, 0.01954, 0.03843, 0.05397]
[0.00878, 0.01486, 0.01954, 0.03843, 0.05397, 0.05558]
[0.00878, 0.01486, 0.01954, 0.03843, 0.05397, 0.05558, 0.05821]
[0.00878, 0.01486, 0.01954, 0.03843, 0.05397, 0.05558, 0.05821, 0.06042]
[0.00878, 0.01486, 0.01954, 0.03843, 0.05397, 0.05558, 0.05821, 0.06042, 0.06226]
[0.00878, 0.01486, 0.01954, 0.03843, 0.05397, 0.05558, 0.05821, 0.06042, 0.06226, 0.06344]
[0.00878, 0.01486, 0.01954, 0.03843, 0.05397, 0.05558, 0.05821, 0.06042, 0.06226, 0.06344, 0.06459]
[0.00878, 0.01486, 0.01954, 0.03843, 0.05397, 0.05558, 0.05821, 0.06042, 0.06226, 0.06344, 0.06459, 0.06578]
[0.00878, 0.01486, 0.01954, 0.03843, 0.05397, 0.05558, 0.05821, 0.06042, 0.06226, 0.06344, 0.06459, 0.06578, 0.06628]
[0.00878, 0.01486, 0.01954, 0.03843, 0.05397, 0.05558, 0.05821, 0.06042, 0.06226, 0.06344, 0.06459, 0.06578, 0.06628, 0.06659]
[0.00878, 0.01486, 0.01954, 0.03843, 0.05397, 0.05558, 0.05821, 0.06042, 0.06226, 0.06344, 0.06459, 0.06578, 0.06628, 0.06659, 0.06702]
[0.00878, 0.01486, 0.01954, 0.03843, 0.05397, 0.05558, 0.05821, 0.06042, 0.06226, 0.06344, 0.06459, 0.06578, 0.06628, 0.06659, 0.06702, 0.06727]
[0.00878, 0.01486, 0.01954, 0.03843, 0.05397, 0.05558, 0.05821, 0.06042, 0.06226, 0.06344, 0.06459, 0.06578, 0.06628, 0.06659, 0.06702, 0.06727, 0.06742]
[0.00878, 0.01486, 0.01954, 0.03843, 0.05397, 0.05558, 0.05821, 0.06042, 0.06226, 0.06344, 0.06459, 0.06578, 0.06628, 0.06659, 0.06702, 0.06727, 0.06742, 0.06771]
[0.00878, 0.01486, 0.01954, 0.03843, 0.05397, 0.05558, 0.05821, 0.06042, 0.06226, 0.06344, 0.06459, 0.06578, 0.06628, 0.06659, 0.06702, 0.06727, 0.06742, 0.06771, 0.06801]
[0.00878, 0.01486, 0.01954, 0.03843, 0.05397, 0.05558, 0.05821, 0.06042, 0.06226, 0.06344, 0.06459, 0.06578, 0.06628, 0.06659, 0.06702, 0.06727, 0.06742, 0.06771, 0.06801, 0.06829]
[0.00878, 0.01486, 0.01954, 0.03843, 0.05397, 0.05558, 0.05821, 0.06042, 0.06226, 0.06344, 0.06459, 0.06578, 0.06628, 0.06659, 0.06702, 0.06727, 0.06742, 0.06771, 0.06801, 0.06829, 0.06837]
[0.00878, 0.01486, 0.01954, 0.03843, 0.05397, 0.05558, 0.05821, 0.06042, 0.06226, 0.06344, 0.06459, 0.06578, 0.06628, 0.06659, 0.06702, 0.06727, 0.06742, 0.06771, 0.06801, 0.06829, 0.06837, 0.06843]
[0.00878, 0.01486, 0.01954, 0.03843, 0.05397, 0.05558, 0.05821, 0.06042, 0.06226, 0.06344, 0.06459, 0.06578, 0.06628, 0.06659, 0.06702, 0.06727, 0.06742, 0.06771, 0.06801, 0.06829, 0.06837, 0.06843, 0.06826]
[0.00878, 0.01486, 0.01954, 0.03843, 0.05397, 0.05558, 0.05821, 0.06042, 0.06226, 0.06344, 0.06459, 0.06578, 0.06628, 0.06659, 0.06702, 0.06727, 0.06742, 0.06771, 0.06801, 0.06829, 0.06837, 0.06843, 0.06826, 0.06822]
[0.00878, 0.01486, 0.01954, 0.03843, 0.05397, 0.05558, 0.05821, 0.06042, 0.06226, 0.06344, 0.06459, 0.06578, 0.06628, 0.06659, 0.06702, 0.06727, 0.06742, 0.06771, 0.06801, 0.06829, 0.06837, 0.06843, 0.06826, 0.06822, 0.06829]
[0.00878, 0.01486, 0.01954, 0.03843, 0.05397, 0.05558, 0.05821, 0.06042, 0.06226, 0.06344, 0.06459, 0.06578, 0.06628, 0.06659, 0.06702, 0.06727, 0.06742, 0.06771, 0.06801, 0.06829, 0.06837, 0.06843, 0.06826, 0.06822, 0.06829, 0.06813]
[0.00878, 0.01486, 0.01954, 0.03843, 0.05397, 0.05558, 0.05821, 0.06042, 0.06226, 0.06344, 0.06459, 0.06578, 0.06628, 0.06659, 0.06702, 0.06727, 0.06742, 0.06771, 0.06801, 0.06829, 0.06837, 0.06843, 0.06826, 0.06822, 0.06829, 0.06813, 0.06797]
[0.00878, 0.01486, 0.01954, 0.03843, 0.05397, 0.05558, 0.05821, 0.06042, 0.06226, 0.06344, 0.06459, 0.06578, 0.06628, 0.06659, 0.06702, 0.06727, 0.06742, 0.06771, 0.06801, 0.06829, 0.06837, 0.06843, 0.06826, 0.06822, 0.06829, 0.06813, 0.06797, 0.06775]
[0.00878, 0.01486, 0.01954, 0.03843, 0.05397, 0.05558, 0.05821, 0.06042, 0.06226, 0.06344, 0.06459, 0.06578, 0.06628, 0.06659, 0.06702, 0.06727, 0.06742, 0.06771, 0.06801, 0.06829, 0.06837, 0.06843, 0.06826, 0.06822, 0.06829, 0.06813, 0.06797, 0.06775, 0.06752]
[0.00878, 0.01486, 0.01954, 0.03843, 0.05397, 0.05558, 0.05821, 0.06042, 0.06226, 0.06344, 0.06459, 0.06578, 0.06628, 0.06659, 0.06702, 0.06727, 0.06742, 0.06771, 0.06801, 0.06829, 0.06837, 0.06843, 0.06826, 0.06822, 0.06829, 0.06813, 0.06797, 0.06775, 0.06752, 0.0674]
[0.00878, 0.01486, 0.01954, 0.03843, 0.05397, 0.05558, 0.05821, 0.06042, 0.06226, 0.06344, 0.06459, 0.06578, 0.06628, 0.06659, 0.06702, 0.06727, 0.06742, 0.06771, 0.06801, 0.06829, 0.06837, 0.06843, 0.06826, 0.06822, 0.06829, 0.06813, 0.06797, 0.06775, 0.06752, 0.0674, 0.0673]
[0.00878, 0.01486, 0.01954, 0.03843, 0.05397, 0.05558, 0.05821, 0.06042, 0.06226, 0.06344, 0.06459, 0.06578, 0.06628, 0.06659, 0.06702, 0.06727, 0.06742, 0.06771, 0.06801, 0.06829, 0.06837, 0.06843, 0.06826, 0.06822, 0.06829, 0.06813, 0.06797, 0.06775, 0.06752, 0.0674, 0.0673, 0.0672]
[0.00878, 0.01486, 0.01954, 0.03843, 0.05397, 0.05558, 0.05821, 0.06042, 0.06226, 0.06344, 0.06459, 0.06578, 0.06628, 0.06659, 0.06702, 0.06727, 0.06742, 0.06771, 0.06801, 0.06829, 0.06837, 0.06843, 0.06826, 0.06822, 0.06829, 0.06813, 0.06797, 0.06775, 0.06752, 0.0674, 0.0673, 0.0672, 0.06704]
[0.00878, 0.01486, 0.01954, 0.03843, 0.05397, 0.05558, 0.05821, 0.06042, 0.06226, 0.06344, 0.06459, 0.06578, 0.06628, 0.06659, 0.06702, 0.06727, 0.06742, 0.06771, 0.06801, 0.06829, 0.06837, 0.06843, 0.06826, 0.06822, 0.06829, 0.06813, 0.06797, 0.06775, 0.06752, 0.0674, 0.0673, 0.0672, 0.06704, 0.06682]
[0.00878, 0.01486, 0.01954, 0.03843, 0.05397, 0.05558, 0.05821, 0.06042, 0.06226, 0.06344, 0.06459, 0.06578, 0.06628, 0.06659, 0.06702, 0.06727, 0.06742, 0.06771, 0.06801, 0.06829, 0.06837, 0.06843, 0.06826, 0.06822, 0.06829, 0.06813, 0.06797, 0.06775, 0.06752, 0.0674, 0.0673, 0.0672, 0.06704, 0.06682, 0.06671]
[0.00878, 0.01486, 0.01954, 0.03843, 0.05397, 0.05558, 0.05821, 0.06042, 0.06226, 0.06344, 0.06459, 0.06578, 0.06628, 0.06659, 0.06702, 0.06727, 0.06742, 0.06771, 0.06801, 0.06829, 0.06837, 0.06843, 0.06826, 0.06822, 0.06829, 0.06813, 0.06797, 0.06775, 0.06752, 0.0674, 0.0673, 0.0672, 0.06704, 0.06682, 0.06671, 0.06655]
[0.00878, 0.01486, 0.01954, 0.03843, 0.05397, 0.05558, 0.05821, 0.06042, 0.06226, 0.06344, 0.06459, 0.06578, 0.06628, 0.06659, 0.06702, 0.06727, 0.06742, 0.06771, 0.06801, 0.06829, 0.06837, 0.06843, 0.06826, 0.06822, 0.06829, 0.06813, 0.06797, 0.06775, 0.06752, 0.0674, 0.0673, 0.0672, 0.06704, 0.06682, 0.06671, 0.06655, 0.06648]
[0.00878, 0.01486, 0.01954, 0.03843, 0.05397, 0.05558, 0.05821, 0.06042, 0.06226, 0.06344, 0.06459, 0.06578, 0.06628, 0.06659, 0.06702, 0.06727, 0.06742, 0.06771, 0.06801, 0.06829, 0.06837, 0.06843, 0.06826, 0.06822, 0.06829, 0.06813, 0.06797, 0.06775, 0.06752, 0.0674, 0.0673, 0.0672, 0.06704, 0.06682, 0.06671, 0.06655, 0.06648, 0.06632]
[0.00878, 0.01486, 0.01954, 0.03843, 0.05397, 0.05558, 0.05821, 0.06042, 0.06226, 0.06344, 0.06459, 0.06578, 0.06628, 0.06659, 0.06702, 0.06727, 0.06742, 0.06771, 0.06801, 0.06829, 0.06837, 0.06843, 0.06826, 0.06822, 0.06829, 0.06813, 0.06797, 0.06775, 0.06752, 0.0674, 0.0673, 0.0672, 0.06704, 0.06682, 0.06671, 0.06655, 0.06648, 0.06632, 0.06619]
[0.00878, 0.01486, 0.01954, 0.03843, 0.05397, 0.05558, 0.05821, 0.06042, 0.06226, 0.06344, 0.06459, 0.06578, 0.06628, 0.06659, 0.06702, 0.06727, 0.06742, 0.06771, 0.06801, 0.06829, 0.06837, 0.06843, 0.06826, 0.06822, 0.06829, 0.06813, 0.06797, 0.06775, 0.06752, 0.0674, 0.0673, 0.0672, 0.06704, 0.06682, 0.06671, 0.06655, 0.06648, 0.06632, 0.06619, 0.06603]
[0.00878, 0.01486, 0.01954, 0.03843, 0.05397, 0.05558, 0.05821, 0.06042, 0.06226, 0.06344, 0.06459, 0.06578, 0.06628, 0.06659, 0.06702, 0.06727, 0.06742, 0.06771, 0.06801, 0.06829, 0.06837, 0.06843, 0.06826, 0.06822, 0.06829, 0.06813, 0.06797, 0.06775, 0.06752, 0.0674, 0.0673, 0.0672, 0.06704, 0.06682, 0.06671, 0.06655, 0.06648, 0.06632, 0.06619, 0.06603, 0.06589]
[0.00878, 0.01486, 0.01954, 0.03843, 0.05397, 0.05558, 0.05821, 0.06042, 0.06226, 0.06344, 0.06459, 0.06578, 0.06628, 0.06659, 0.06702, 0.06727, 0.06742, 0.06771, 0.06801, 0.06829, 0.06837, 0.06843, 0.06826, 0.06822, 0.06829, 0.06813, 0.06797, 0.06775, 0.06752, 0.0674, 0.0673, 0.0672, 0.06704, 0.06682, 0.06671, 0.06655, 0.06648, 0.06632, 0.06619, 0.06603, 0.06589, 0.06556]
[0.00878, 0.01486, 0.01954, 0.03843, 0.05397, 0.05558, 0.05821, 0.06042, 0.06226, 0.06344, 0.06459, 0.06578, 0.06628, 0.06659, 0.06702, 0.06727, 0.06742, 0.06771, 0.06801, 0.06829, 0.06837, 0.06843, 0.06826, 0.06822, 0.06829, 0.06813, 0.06797, 0.06775, 0.06752, 0.0674, 0.0673, 0.0672, 0.06704, 0.06682, 0.06671, 0.06655, 0.06648, 0.06632, 0.06619, 0.06603, 0.06589, 0.06556, 0.0654]
[0.00878, 0.01486, 0.01954, 0.03843, 0.05397, 0.05558, 0.05821, 0.06042, 0.06226, 0.06344, 0.06459, 0.06578, 0.06628, 0.06659, 0.06702, 0.06727, 0.06742, 0.06771, 0.06801, 0.06829, 0.06837, 0.06843, 0.06826, 0.06822, 0.06829, 0.06813, 0.06797, 0.06775, 0.06752, 0.0674, 0.0673, 0.0672, 0.06704, 0.06682, 0.06671, 0.06655, 0.06648, 0.06632, 0.06619, 0.06603, 0.06589, 0.06556, 0.0654, 0.0651]
[0.00878, 0.01486, 0.01954, 0.03843, 0.05397, 0.05558, 0.05821, 0.06042, 0.06226, 0.06344, 0.06459, 0.06578, 0.06628, 0.06659, 0.06702, 0.06727, 0.06742, 0.06771, 0.06801, 0.06829, 0.06837, 0.06843, 0.06826, 0.06822, 0.06829, 0.06813, 0.06797, 0.06775, 0.06752, 0.0674, 0.0673, 0.0672, 0.06704, 0.06682, 0.06671, 0.06655, 0.06648, 0.06632, 0.06619, 0.06603, 0.06589, 0.06556, 0.0654, 0.0651, 0.06499]
[0.00878, 0.01486, 0.01954, 0.03843, 0.05397, 0.05558, 0.05821, 0.06042, 0.06226, 0.06344, 0.06459, 0.06578, 0.06628, 0.06659, 0.06702, 0.06727, 0.06742, 0.06771, 0.06801, 0.06829, 0.06837, 0.06843, 0.06826, 0.06822, 0.06829, 0.06813, 0.06797, 0.06775, 0.06752, 0.0674, 0.0673, 0.0672, 0.06704, 0.06682, 0.06671, 0.06655, 0.06648, 0.06632, 0.06619, 0.06603, 0.06589, 0.06556, 0.0654, 0.0651, 0.06499, 0.06463]
[0.00878, 0.01486, 0.01954, 0.03843, 0.05397, 0.05558, 0.05821, 0.06042, 0.06226, 0.06344, 0.06459, 0.06578, 0.06628, 0.06659, 0.06702, 0.06727, 0.06742, 0.06771, 0.06801, 0.06829, 0.06837, 0.06843, 0.06826, 0.06822, 0.06829, 0.06813, 0.06797, 0.06775, 0.06752, 0.0674, 0.0673, 0.0672, 0.06704, 0.06682, 0.06671, 0.06655, 0.06648, 0.06632, 0.06619, 0.06603, 0.06589, 0.06556, 0.0654, 0.0651, 0.06499, 0.06463, 0.06455]
[0.00878, 0.01486, 0.01954, 0.03843, 0.05397, 0.05558, 0.05821, 0.06042, 0.06226, 0.06344, 0.06459, 0.06578, 0.06628, 0.06659, 0.06702, 0.06727, 0.06742, 0.06771, 0.06801, 0.06829, 0.06837, 0.06843, 0.06826, 0.06822, 0.06829, 0.06813, 0.06797, 0.06775, 0.06752, 0.0674, 0.0673, 0.0672, 0.06704, 0.06682, 0.06671, 0.06655, 0.06648, 0.06632, 0.06619, 0.06603, 0.06589, 0.06556, 0.0654, 0.0651, 0.06499, 0.06463, 0.06455, 0.06435]
[0.00878, 0.01486, 0.01954, 0.03843, 0.05397, 0.05558, 0.05821, 0.06042, 0.06226, 0.06344, 0.06459, 0.06578, 0.06628, 0.06659, 0.06702, 0.06727, 0.06742, 0.06771, 0.06801, 0.06829, 0.06837, 0.06843, 0.06826, 0.06822, 0.06829, 0.06813, 0.06797, 0.06775, 0.06752, 0.0674, 0.0673, 0.0672, 0.06704, 0.06682, 0.06671, 0.06655, 0.06648, 0.06632, 0.06619, 0.06603, 0.06589, 0.06556, 0.0654, 0.0651, 0.06499, 0.06463, 0.06455, 0.06435, 0.06401]
[0.00878, 0.01486, 0.01954, 0.03843, 0.05397, 0.05558, 0.05821, 0.06042, 0.06226, 0.06344, 0.06459, 0.06578, 0.06628, 0.06659, 0.06702, 0.06727, 0.06742, 0.06771, 0.06801, 0.06829, 0.06837, 0.06843, 0.06826, 0.06822, 0.06829, 0.06813, 0.06797, 0.06775, 0.06752, 0.0674, 0.0673, 0.0672, 0.06704, 0.06682, 0.06671, 0.06655, 0.06648, 0.06632, 0.06619, 0.06603, 0.06589, 0.06556, 0.0654, 0.0651, 0.06499, 0.06463, 0.06455, 0.06435, 0.06401, 0.06386]
[0.00878, 0.01486, 0.01954, 0.03843, 0.05397, 0.05558, 0.05821, 0.06042, 0.06226, 0.06344, 0.06459, 0.06578, 0.06628, 0.06659, 0.06702, 0.06727, 0.06742, 0.06771, 0.06801, 0.06829, 0.06837, 0.06843, 0.06826, 0.06822, 0.06829, 0.06813, 0.06797, 0.06775, 0.06752, 0.0674, 0.0673, 0.0672, 0.06704, 0.06682, 0.06671, 0.06655, 0.06648, 0.06632, 0.06619, 0.06603, 0.06589, 0.06556, 0.0654, 0.0651, 0.06499, 0.06463, 0.06455, 0.06435, 0.06401, 0.06386, 0.06374]
[0.00878, 0.01486, 0.01954, 0.03843, 0.05397, 0.05558, 0.05821, 0.06042, 0.06226, 0.06344, 0.06459, 0.06578, 0.06628, 0.06659, 0.06702, 0.06727, 0.06742, 0.06771, 0.06801, 0.06829, 0.06837, 0.06843, 0.06826, 0.06822, 0.06829, 0.06813, 0.06797, 0.06775, 0.06752, 0.0674, 0.0673, 0.0672, 0.06704, 0.06682, 0.06671, 0.06655, 0.06648, 0.06632, 0.06619, 0.06603, 0.06589, 0.06556, 0.0654, 0.0651, 0.06499, 0.06463, 0.06455, 0.06435, 0.06401, 0.06386, 0.06374, 0.06349]
[0.00878, 0.01486, 0.01954, 0.03843, 0.05397, 0.05558, 0.05821, 0.06042, 0.06226, 0.06344, 0.06459, 0.06578, 0.06628, 0.06659, 0.06702, 0.06727, 0.06742, 0.06771, 0.06801, 0.06829, 0.06837, 0.06843, 0.06826, 0.06822, 0.06829, 0.06813, 0.06797, 0.06775, 0.06752, 0.0674, 0.0673, 0.0672, 0.06704, 0.06682, 0.06671, 0.06655, 0.06648, 0.06632, 0.06619, 0.06603, 0.06589, 0.06556, 0.0654, 0.0651, 0.06499, 0.06463, 0.06455, 0.06435, 0.06401, 0.06386, 0.06374, 0.06349, 0.06333]
[0.00878, 0.01486, 0.01954, 0.03843, 0.05397, 0.05558, 0.05821, 0.06042, 0.06226, 0.06344, 0.06459, 0.06578, 0.06628, 0.06659, 0.06702, 0.06727, 0.06742, 0.06771, 0.06801, 0.06829, 0.06837, 0.06843, 0.06826, 0.06822, 0.06829, 0.06813, 0.06797, 0.06775, 0.06752, 0.0674, 0.0673, 0.0672, 0.06704, 0.06682, 0.06671, 0.06655, 0.06648, 0.06632, 0.06619, 0.06603, 0.06589, 0.06556, 0.0654, 0.0651, 0.06499, 0.06463, 0.06455, 0.06435, 0.06401, 0.06386, 0.06374, 0.06349, 0.06333, 0.06319]
[0.00878, 0.01486, 0.01954, 0.03843, 0.05397, 0.05558, 0.05821, 0.06042, 0.06226, 0.06344, 0.06459, 0.06578, 0.06628, 0.06659, 0.06702, 0.06727, 0.06742, 0.06771, 0.06801, 0.06829, 0.06837, 0.06843, 0.06826, 0.06822, 0.06829, 0.06813, 0.06797, 0.06775, 0.06752, 0.0674, 0.0673, 0.0672, 0.06704, 0.06682, 0.06671, 0.06655, 0.06648, 0.06632, 0.06619, 0.06603, 0.06589, 0.06556, 0.0654, 0.0651, 0.06499, 0.06463, 0.06455, 0.06435, 0.06401, 0.06386, 0.06374, 0.06349, 0.06333, 0.06319, 0.0629]
[0.00878, 0.01486, 0.01954, 0.03843, 0.05397, 0.05558, 0.05821, 0.06042, 0.06226, 0.06344, 0.06459, 0.06578, 0.06628, 0.06659, 0.06702, 0.06727, 0.06742, 0.06771, 0.06801, 0.06829, 0.06837, 0.06843, 0.06826, 0.06822, 0.06829, 0.06813, 0.06797, 0.06775, 0.06752, 0.0674, 0.0673, 0.0672, 0.06704, 0.06682, 0.06671, 0.06655, 0.06648, 0.06632, 0.06619, 0.06603, 0.06589, 0.06556, 0.0654, 0.0651, 0.06499, 0.06463, 0.06455, 0.06435, 0.06401, 0.06386, 0.06374, 0.06349, 0.06333, 0.06319, 0.0629, 0.06284]
[0.00878, 0.01486, 0.01954, 0.03843, 0.05397, 0.05558, 0.05821, 0.06042, 0.06226, 0.06344, 0.06459, 0.06578, 0.06628, 0.06659, 0.06702, 0.06727, 0.06742, 0.06771, 0.06801, 0.06829, 0.06837, 0.06843, 0.06826, 0.06822, 0.06829, 0.06813, 0.06797, 0.06775, 0.06752, 0.0674, 0.0673, 0.0672, 0.06704, 0.06682, 0.06671, 0.06655, 0.06648, 0.06632, 0.06619, 0.06603, 0.06589, 0.06556, 0.0654, 0.0651, 0.06499, 0.06463, 0.06455, 0.06435, 0.06401, 0.06386, 0.06374, 0.06349, 0.06333, 0.06319, 0.0629, 0.06284, 0.06261]
[0.00878, 0.01486, 0.01954, 0.03843, 0.05397, 0.05558, 0.05821, 0.06042, 0.06226, 0.06344, 0.06459, 0.06578, 0.06628, 0.06659, 0.06702, 0.06727, 0.06742, 0.06771, 0.06801, 0.06829, 0.06837, 0.06843, 0.06826, 0.06822, 0.06829, 0.06813, 0.06797, 0.06775, 0.06752, 0.0674, 0.0673, 0.0672, 0.06704, 0.06682, 0.06671, 0.06655, 0.06648, 0.06632, 0.06619, 0.06603, 0.06589, 0.06556, 0.0654, 0.0651, 0.06499, 0.06463, 0.06455, 0.06435, 0.06401, 0.06386, 0.06374, 0.06349, 0.06333, 0.06319, 0.0629, 0.06284, 0.06261, 0.06247]
[0.00878, 0.01486, 0.01954, 0.03843, 0.05397, 0.05558, 0.05821, 0.06042, 0.06226, 0.06344, 0.06459, 0.06578, 0.06628, 0.06659, 0.06702, 0.06727, 0.06742, 0.06771, 0.06801, 0.06829, 0.06837, 0.06843, 0.06826, 0.06822, 0.06829, 0.06813, 0.06797, 0.06775, 0.06752, 0.0674, 0.0673, 0.0672, 0.06704, 0.06682, 0.06671, 0.06655, 0.06648, 0.06632, 0.06619, 0.06603, 0.06589, 0.06556, 0.0654, 0.0651, 0.06499, 0.06463, 0.06455, 0.06435, 0.06401, 0.06386, 0.06374, 0.06349, 0.06333, 0.06319, 0.0629, 0.06284, 0.06261, 0.06247, 0.06242]
[0.00878, 0.01486, 0.01954, 0.03843, 0.05397, 0.05558, 0.05821, 0.06042, 0.06226, 0.06344, 0.06459, 0.06578, 0.06628, 0.06659, 0.06702, 0.06727, 0.06742, 0.06771, 0.06801, 0.06829, 0.06837, 0.06843, 0.06826, 0.06822, 0.06829, 0.06813, 0.06797, 0.06775, 0.06752, 0.0674, 0.0673, 0.0672, 0.06704, 0.06682, 0.06671, 0.06655, 0.06648, 0.06632, 0.06619, 0.06603, 0.06589, 0.06556, 0.0654, 0.0651, 0.06499, 0.06463, 0.06455, 0.06435, 0.06401, 0.06386, 0.06374, 0.06349, 0.06333, 0.06319, 0.0629, 0.06284, 0.06261, 0.06247, 0.06242, 0.06229]
[0.00878, 0.01486, 0.01954, 0.03843, 0.05397, 0.05558, 0.05821, 0.06042, 0.06226, 0.06344, 0.06459, 0.06578, 0.06628, 0.06659, 0.06702, 0.06727, 0.06742, 0.06771, 0.06801, 0.06829, 0.06837, 0.06843, 0.06826, 0.06822, 0.06829, 0.06813, 0.06797, 0.06775, 0.06752, 0.0674, 0.0673, 0.0672, 0.06704, 0.06682, 0.06671, 0.06655, 0.06648, 0.06632, 0.06619, 0.06603, 0.06589, 0.06556, 0.0654, 0.0651, 0.06499, 0.06463, 0.06455, 0.06435, 0.06401, 0.06386, 0.06374, 0.06349, 0.06333, 0.06319, 0.0629, 0.06284, 0.06261, 0.06247, 0.06242, 0.06229, 0.06219]
[0.00878, 0.01486, 0.01954, 0.03843, 0.05397, 0.05558, 0.05821, 0.06042, 0.06226, 0.06344, 0.06459, 0.06578, 0.06628, 0.06659, 0.06702, 0.06727, 0.06742, 0.06771, 0.06801, 0.06829, 0.06837, 0.06843, 0.06826, 0.06822, 0.06829, 0.06813, 0.06797, 0.06775, 0.06752, 0.0674, 0.0673, 0.0672, 0.06704, 0.06682, 0.06671, 0.06655, 0.06648, 0.06632, 0.06619, 0.06603, 0.06589, 0.06556, 0.0654, 0.0651, 0.06499, 0.06463, 0.06455, 0.06435, 0.06401, 0.06386, 0.06374, 0.06349, 0.06333, 0.06319, 0.0629, 0.06284, 0.06261, 0.06247, 0.06242, 0.06229, 0.06219, 0.06201]
[0.00878, 0.01486, 0.01954, 0.03843, 0.05397, 0.05558, 0.05821, 0.06042, 0.06226, 0.06344, 0.06459, 0.06578, 0.06628, 0.06659, 0.06702, 0.06727, 0.06742, 0.06771, 0.06801, 0.06829, 0.06837, 0.06843, 0.06826, 0.06822, 0.06829, 0.06813, 0.06797, 0.06775, 0.06752, 0.0674, 0.0673, 0.0672, 0.06704, 0.06682, 0.06671, 0.06655, 0.06648, 0.06632, 0.06619, 0.06603, 0.06589, 0.06556, 0.0654, 0.0651, 0.06499, 0.06463, 0.06455, 0.06435, 0.06401, 0.06386, 0.06374, 0.06349, 0.06333, 0.06319, 0.0629, 0.06284, 0.06261, 0.06247, 0.06242, 0.06229, 0.06219, 0.06201, 0.06197]
[0.00878, 0.01486, 0.01954, 0.03843, 0.05397, 0.05558, 0.05821, 0.06042, 0.06226, 0.06344, 0.06459, 0.06578, 0.06628, 0.06659, 0.06702, 0.06727, 0.06742, 0.06771, 0.06801, 0.06829, 0.06837, 0.06843, 0.06826, 0.06822, 0.06829, 0.06813, 0.06797, 0.06775, 0.06752, 0.0674, 0.0673, 0.0672, 0.06704, 0.06682, 0.06671, 0.06655, 0.06648, 0.06632, 0.06619, 0.06603, 0.06589, 0.06556, 0.0654, 0.0651, 0.06499, 0.06463, 0.06455, 0.06435, 0.06401, 0.06386, 0.06374, 0.06349, 0.06333, 0.06319, 0.0629, 0.06284, 0.06261, 0.06247, 0.06242, 0.06229, 0.06219, 0.06201, 0.06197, 0.06172]
[0.00878, 0.01486, 0.01954, 0.03843, 0.05397, 0.05558, 0.05821, 0.06042, 0.06226, 0.06344, 0.06459, 0.06578, 0.06628, 0.06659, 0.06702, 0.06727, 0.06742, 0.06771, 0.06801, 0.06829, 0.06837, 0.06843, 0.06826, 0.06822, 0.06829, 0.06813, 0.06797, 0.06775, 0.06752, 0.0674, 0.0673, 0.0672, 0.06704, 0.06682, 0.06671, 0.06655, 0.06648, 0.06632, 0.06619, 0.06603, 0.06589, 0.06556, 0.0654, 0.0651, 0.06499, 0.06463, 0.06455, 0.06435, 0.06401, 0.06386, 0.06374, 0.06349, 0.06333, 0.06319, 0.0629, 0.06284, 0.06261, 0.06247, 0.06242, 0.06229, 0.06219, 0.06201, 0.06197, 0.06172, 0.06142]
[0.00878, 0.01486, 0.01954, 0.03843, 0.05397, 0.05558, 0.05821, 0.06042, 0.06226, 0.06344, 0.06459, 0.06578, 0.06628, 0.06659, 0.06702, 0.06727, 0.06742, 0.06771, 0.06801, 0.06829, 0.06837, 0.06843, 0.06826, 0.06822, 0.06829, 0.06813, 0.06797, 0.06775, 0.06752, 0.0674, 0.0673, 0.0672, 0.06704, 0.06682, 0.06671, 0.06655, 0.06648, 0.06632, 0.06619, 0.06603, 0.06589, 0.06556, 0.0654, 0.0651, 0.06499, 0.06463, 0.06455, 0.06435, 0.06401, 0.06386, 0.06374, 0.06349, 0.06333, 0.06319, 0.0629, 0.06284, 0.06261, 0.06247, 0.06242, 0.06229, 0.06219, 0.06201, 0.06197, 0.06172, 0.06142, 0.06135]
[0.00878, 0.01486, 0.01954, 0.03843, 0.05397, 0.05558, 0.05821, 0.06042, 0.06226, 0.06344, 0.06459, 0.06578, 0.06628, 0.06659, 0.06702, 0.06727, 0.06742, 0.06771, 0.06801, 0.06829, 0.06837, 0.06843, 0.06826, 0.06822, 0.06829, 0.06813, 0.06797, 0.06775, 0.06752, 0.0674, 0.0673, 0.0672, 0.06704, 0.06682, 0.06671, 0.06655, 0.06648, 0.06632, 0.06619, 0.06603, 0.06589, 0.06556, 0.0654, 0.0651, 0.06499, 0.06463, 0.06455, 0.06435, 0.06401, 0.06386, 0.06374, 0.06349, 0.06333, 0.06319, 0.0629, 0.06284, 0.06261, 0.06247, 0.06242, 0.06229, 0.06219, 0.06201, 0.06197, 0.06172, 0.06142, 0.06135, 0.06133]
[0.00878, 0.01486, 0.01954, 0.03843, 0.05397, 0.05558, 0.05821, 0.06042, 0.06226, 0.06344, 0.06459, 0.06578, 0.06628, 0.06659, 0.06702, 0.06727, 0.06742, 0.06771, 0.06801, 0.06829, 0.06837, 0.06843, 0.06826, 0.06822, 0.06829, 0.06813, 0.06797, 0.06775, 0.06752, 0.0674, 0.0673, 0.0672, 0.06704, 0.06682, 0.06671, 0.06655, 0.06648, 0.06632, 0.06619, 0.06603, 0.06589, 0.06556, 0.0654, 0.0651, 0.06499, 0.06463, 0.06455, 0.06435, 0.06401, 0.06386, 0.06374, 0.06349, 0.06333, 0.06319, 0.0629, 0.06284, 0.06261, 0.06247, 0.06242, 0.06229, 0.06219, 0.06201, 0.06197, 0.06172, 0.06142, 0.06135, 0.06133, 0.06117]
[0.00878, 0.01486, 0.01954, 0.03843, 0.05397, 0.05558, 0.05821, 0.06042, 0.06226, 0.06344, 0.06459, 0.06578, 0.06628, 0.06659, 0.06702, 0.06727, 0.06742, 0.06771, 0.06801, 0.06829, 0.06837, 0.06843, 0.06826, 0.06822, 0.06829, 0.06813, 0.06797, 0.06775, 0.06752, 0.0674, 0.0673, 0.0672, 0.06704, 0.06682, 0.06671, 0.06655, 0.06648, 0.06632, 0.06619, 0.06603, 0.06589, 0.06556, 0.0654, 0.0651, 0.06499, 0.06463, 0.06455, 0.06435, 0.06401, 0.06386, 0.06374, 0.06349, 0.06333, 0.06319, 0.0629, 0.06284, 0.06261, 0.06247, 0.06242, 0.06229, 0.06219, 0.06201, 0.06197, 0.06172, 0.06142, 0.06135, 0.06133, 0.06117, 0.06085]
[0.00878, 0.01486, 0.01954, 0.03843, 0.05397, 0.05558, 0.05821, 0.06042, 0.06226, 0.06344, 0.06459, 0.06578, 0.06628, 0.06659, 0.06702, 0.06727, 0.06742, 0.06771, 0.06801, 0.06829, 0.06837, 0.06843, 0.06826, 0.06822, 0.06829, 0.06813, 0.06797, 0.06775, 0.06752, 0.0674, 0.0673, 0.0672, 0.06704, 0.06682, 0.06671, 0.06655, 0.06648, 0.06632, 0.06619, 0.06603, 0.06589, 0.06556, 0.0654, 0.0651, 0.06499, 0.06463, 0.06455, 0.06435, 0.06401, 0.06386, 0.06374, 0.06349, 0.06333, 0.06319, 0.0629, 0.06284, 0.06261, 0.06247, 0.06242, 0.06229, 0.06219, 0.06201, 0.06197, 0.06172, 0.06142, 0.06135, 0.06133, 0.06117, 0.06085, 0.06085]
[0.00878, 0.01486, 0.01954, 0.03843, 0.05397, 0.05558, 0.05821, 0.06042, 0.06226, 0.06344, 0.06459, 0.06578, 0.06628, 0.06659, 0.06702, 0.06727, 0.06742, 0.06771, 0.06801, 0.06829, 0.06837, 0.06843, 0.06826, 0.06822, 0.06829, 0.06813, 0.06797, 0.06775, 0.06752, 0.0674, 0.0673, 0.0672, 0.06704, 0.06682, 0.06671, 0.06655, 0.06648, 0.06632, 0.06619, 0.06603, 0.06589, 0.06556, 0.0654, 0.0651, 0.06499, 0.06463, 0.06455, 0.06435, 0.06401, 0.06386, 0.06374, 0.06349, 0.06333, 0.06319, 0.0629, 0.06284, 0.06261, 0.06247, 0.06242, 0.06229, 0.06219, 0.06201, 0.06197, 0.06172, 0.06142, 0.06135, 0.06133, 0.06117, 0.06085, 0.06085, 0.06067]
[0.00878, 0.01486, 0.01954, 0.03843, 0.05397, 0.05558, 0.05821, 0.06042, 0.06226, 0.06344, 0.06459, 0.06578, 0.06628, 0.06659, 0.06702, 0.06727, 0.06742, 0.06771, 0.06801, 0.06829, 0.06837, 0.06843, 0.06826, 0.06822, 0.06829, 0.06813, 0.06797, 0.06775, 0.06752, 0.0674, 0.0673, 0.0672, 0.06704, 0.06682, 0.06671, 0.06655, 0.06648, 0.06632, 0.06619, 0.06603, 0.06589, 0.06556, 0.0654, 0.0651, 0.06499, 0.06463, 0.06455, 0.06435, 0.06401, 0.06386, 0.06374, 0.06349, 0.06333, 0.06319, 0.0629, 0.06284, 0.06261, 0.06247, 0.06242, 0.06229, 0.06219, 0.06201, 0.06197, 0.06172, 0.06142, 0.06135, 0.06133, 0.06117, 0.06085, 0.06085, 0.06067, 0.06063]
[0.00878, 0.01486, 0.01954, 0.03843, 0.05397, 0.05558, 0.05821, 0.06042, 0.06226, 0.06344, 0.06459, 0.06578, 0.06628, 0.06659, 0.06702, 0.06727, 0.06742, 0.06771, 0.06801, 0.06829, 0.06837, 0.06843, 0.06826, 0.06822, 0.06829, 0.06813, 0.06797, 0.06775, 0.06752, 0.0674, 0.0673, 0.0672, 0.06704, 0.06682, 0.06671, 0.06655, 0.06648, 0.06632, 0.06619, 0.06603, 0.06589, 0.06556, 0.0654, 0.0651, 0.06499, 0.06463, 0.06455, 0.06435, 0.06401, 0.06386, 0.06374, 0.06349, 0.06333, 0.06319, 0.0629, 0.06284, 0.06261, 0.06247, 0.06242, 0.06229, 0.06219, 0.06201, 0.06197, 0.06172, 0.06142, 0.06135, 0.06133, 0.06117, 0.06085, 0.06085, 0.06067, 0.06063, 0.06046]
[0.00878, 0.01486, 0.01954, 0.03843, 0.05397, 0.05558, 0.05821, 0.06042, 0.06226, 0.06344, 0.06459, 0.06578, 0.06628, 0.06659, 0.06702, 0.06727, 0.06742, 0.06771, 0.06801, 0.06829, 0.06837, 0.06843, 0.06826, 0.06822, 0.06829, 0.06813, 0.06797, 0.06775, 0.06752, 0.0674, 0.0673, 0.0672, 0.06704, 0.06682, 0.06671, 0.06655, 0.06648, 0.06632, 0.06619, 0.06603, 0.06589, 0.06556, 0.0654, 0.0651, 0.06499, 0.06463, 0.06455, 0.06435, 0.06401, 0.06386, 0.06374, 0.06349, 0.06333, 0.06319, 0.0629, 0.06284, 0.06261, 0.06247, 0.06242, 0.06229, 0.06219, 0.06201, 0.06197, 0.06172, 0.06142, 0.06135, 0.06133, 0.06117, 0.06085, 0.06085, 0.06067, 0.06063, 0.06046, 0.06017]
[0.00878, 0.01486, 0.01954, 0.03843, 0.05397, 0.05558, 0.05821, 0.06042, 0.06226, 0.06344, 0.06459, 0.06578, 0.06628, 0.06659, 0.06702, 0.06727, 0.06742, 0.06771, 0.06801, 0.06829, 0.06837, 0.06843, 0.06826, 0.06822, 0.06829, 0.06813, 0.06797, 0.06775, 0.06752, 0.0674, 0.0673, 0.0672, 0.06704, 0.06682, 0.06671, 0.06655, 0.06648, 0.06632, 0.06619, 0.06603, 0.06589, 0.06556, 0.0654, 0.0651, 0.06499, 0.06463, 0.06455, 0.06435, 0.06401, 0.06386, 0.06374, 0.06349, 0.06333, 0.06319, 0.0629, 0.06284, 0.06261, 0.06247, 0.06242, 0.06229, 0.06219, 0.06201, 0.06197, 0.06172, 0.06142, 0.06135, 0.06133, 0.06117, 0.06085, 0.06085, 0.06067, 0.06063, 0.06046, 0.06017, 0.05997]
[0.00878, 0.01486, 0.01954, 0.03843, 0.05397, 0.05558, 0.05821, 0.06042, 0.06226, 0.06344, 0.06459, 0.06578, 0.06628, 0.06659, 0.06702, 0.06727, 0.06742, 0.06771, 0.06801, 0.06829, 0.06837, 0.06843, 0.06826, 0.06822, 0.06829, 0.06813, 0.06797, 0.06775, 0.06752, 0.0674, 0.0673, 0.0672, 0.06704, 0.06682, 0.06671, 0.06655, 0.06648, 0.06632, 0.06619, 0.06603, 0.06589, 0.06556, 0.0654, 0.0651, 0.06499, 0.06463, 0.06455, 0.06435, 0.06401, 0.06386, 0.06374, 0.06349, 0.06333, 0.06319, 0.0629, 0.06284, 0.06261, 0.06247, 0.06242, 0.06229, 0.06219, 0.06201, 0.06197, 0.06172, 0.06142, 0.06135, 0.06133, 0.06117, 0.06085, 0.06085, 0.06067, 0.06063, 0.06046, 0.06017, 0.05997, 0.05993]
[0.00878, 0.01486, 0.01954, 0.03843, 0.05397, 0.05558, 0.05821, 0.06042, 0.06226, 0.06344, 0.06459, 0.06578, 0.06628, 0.06659, 0.06702, 0.06727, 0.06742, 0.06771, 0.06801, 0.06829, 0.06837, 0.06843, 0.06826, 0.06822, 0.06829, 0.06813, 0.06797, 0.06775, 0.06752, 0.0674, 0.0673, 0.0672, 0.06704, 0.06682, 0.06671, 0.06655, 0.06648, 0.06632, 0.06619, 0.06603, 0.06589, 0.06556, 0.0654, 0.0651, 0.06499, 0.06463, 0.06455, 0.06435, 0.06401, 0.06386, 0.06374, 0.06349, 0.06333, 0.06319, 0.0629, 0.06284, 0.06261, 0.06247, 0.06242, 0.06229, 0.06219, 0.06201, 0.06197, 0.06172, 0.06142, 0.06135, 0.06133, 0.06117, 0.06085, 0.06085, 0.06067, 0.06063, 0.06046, 0.06017, 0.05997, 0.05993, 0.05985]
[0.00878, 0.01486, 0.01954, 0.03843, 0.05397, 0.05558, 0.05821, 0.06042, 0.06226, 0.06344, 0.06459, 0.06578, 0.06628, 0.06659, 0.06702, 0.06727, 0.06742, 0.06771, 0.06801, 0.06829, 0.06837, 0.06843, 0.06826, 0.06822, 0.06829, 0.06813, 0.06797, 0.06775, 0.06752, 0.0674, 0.0673, 0.0672, 0.06704, 0.06682, 0.06671, 0.06655, 0.06648, 0.06632, 0.06619, 0.06603, 0.06589, 0.06556, 0.0654, 0.0651, 0.06499, 0.06463, 0.06455, 0.06435, 0.06401, 0.06386, 0.06374, 0.06349, 0.06333, 0.06319, 0.0629, 0.06284, 0.06261, 0.06247, 0.06242, 0.06229, 0.06219, 0.06201, 0.06197, 0.06172, 0.06142, 0.06135, 0.06133, 0.06117, 0.06085, 0.06085, 0.06067, 0.06063, 0.06046, 0.06017, 0.05997, 0.05993, 0.05985, 0.05977]
[0.00878, 0.01486, 0.01954, 0.03843, 0.05397, 0.05558, 0.05821, 0.06042, 0.06226, 0.06344, 0.06459, 0.06578, 0.06628, 0.06659, 0.06702, 0.06727, 0.06742, 0.06771, 0.06801, 0.06829, 0.06837, 0.06843, 0.06826, 0.06822, 0.06829, 0.06813, 0.06797, 0.06775, 0.06752, 0.0674, 0.0673, 0.0672, 0.06704, 0.06682, 0.06671, 0.06655, 0.06648, 0.06632, 0.06619, 0.06603, 0.06589, 0.06556, 0.0654, 0.0651, 0.06499, 0.06463, 0.06455, 0.06435, 0.06401, 0.06386, 0.06374, 0.06349, 0.06333, 0.06319, 0.0629, 0.06284, 0.06261, 0.06247, 0.06242, 0.06229, 0.06219, 0.06201, 0.06197, 0.06172, 0.06142, 0.06135, 0.06133, 0.06117, 0.06085, 0.06085, 0.06067, 0.06063, 0.06046, 0.06017, 0.05997, 0.05993, 0.05985, 0.05977, 0.0598]
[0.00878, 0.01486, 0.01954, 0.03843, 0.05397, 0.05558, 0.05821, 0.06042, 0.06226, 0.06344, 0.06459, 0.06578, 0.06628, 0.06659, 0.06702, 0.06727, 0.06742, 0.06771, 0.06801, 0.06829, 0.06837, 0.06843, 0.06826, 0.06822, 0.06829, 0.06813, 0.06797, 0.06775, 0.06752, 0.0674, 0.0673, 0.0672, 0.06704, 0.06682, 0.06671, 0.06655, 0.06648, 0.06632, 0.06619, 0.06603, 0.06589, 0.06556, 0.0654, 0.0651, 0.06499, 0.06463, 0.06455, 0.06435, 0.06401, 0.06386, 0.06374, 0.06349, 0.06333, 0.06319, 0.0629, 0.06284, 0.06261, 0.06247, 0.06242, 0.06229, 0.06219, 0.06201, 0.06197, 0.06172, 0.06142, 0.06135, 0.06133, 0.06117, 0.06085, 0.06085, 0.06067, 0.06063, 0.06046, 0.06017, 0.05997, 0.05993, 0.05985, 0.05977, 0.0598, 0.05956]
[0.00878, 0.01486, 0.01954, 0.03843, 0.05397, 0.05558, 0.05821, 0.06042, 0.06226, 0.06344, 0.06459, 0.06578, 0.06628, 0.06659, 0.06702, 0.06727, 0.06742, 0.06771, 0.06801, 0.06829, 0.06837, 0.06843, 0.06826, 0.06822, 0.06829, 0.06813, 0.06797, 0.06775, 0.06752, 0.0674, 0.0673, 0.0672, 0.06704, 0.06682, 0.06671, 0.06655, 0.06648, 0.06632, 0.06619, 0.06603, 0.06589, 0.06556, 0.0654, 0.0651, 0.06499, 0.06463, 0.06455, 0.06435, 0.06401, 0.06386, 0.06374, 0.06349, 0.06333, 0.06319, 0.0629, 0.06284, 0.06261, 0.06247, 0.06242, 0.06229, 0.06219, 0.06201, 0.06197, 0.06172, 0.06142, 0.06135, 0.06133, 0.06117, 0.06085, 0.06085, 0.06067, 0.06063, 0.06046, 0.06017, 0.05997, 0.05993, 0.05985, 0.05977, 0.0598, 0.05956, 0.05944]
[0.00878, 0.01486, 0.01954, 0.03843, 0.05397, 0.05558, 0.05821, 0.06042, 0.06226, 0.06344, 0.06459, 0.06578, 0.06628, 0.06659, 0.06702, 0.06727, 0.06742, 0.06771, 0.06801, 0.06829, 0.06837, 0.06843, 0.06826, 0.06822, 0.06829, 0.06813, 0.06797, 0.06775, 0.06752, 0.0674, 0.0673, 0.0672, 0.06704, 0.06682, 0.06671, 0.06655, 0.06648, 0.06632, 0.06619, 0.06603, 0.06589, 0.06556, 0.0654, 0.0651, 0.06499, 0.06463, 0.06455, 0.06435, 0.06401, 0.06386, 0.06374, 0.06349, 0.06333, 0.06319, 0.0629, 0.06284, 0.06261, 0.06247, 0.06242, 0.06229, 0.06219, 0.06201, 0.06197, 0.06172, 0.06142, 0.06135, 0.06133, 0.06117, 0.06085, 0.06085, 0.06067, 0.06063, 0.06046, 0.06017, 0.05997, 0.05993, 0.05985, 0.05977, 0.0598, 0.05956, 0.05944, 0.05944]
[0.00878, 0.01486, 0.01954, 0.03843, 0.05397, 0.05558, 0.05821, 0.06042, 0.06226, 0.06344, 0.06459, 0.06578, 0.06628, 0.06659, 0.06702, 0.06727, 0.06742, 0.06771, 0.06801, 0.06829, 0.06837, 0.06843, 0.06826, 0.06822, 0.06829, 0.06813, 0.06797, 0.06775, 0.06752, 0.0674, 0.0673, 0.0672, 0.06704, 0.06682, 0.06671, 0.06655, 0.06648, 0.06632, 0.06619, 0.06603, 0.06589, 0.06556, 0.0654, 0.0651, 0.06499, 0.06463, 0.06455, 0.06435, 0.06401, 0.06386, 0.06374, 0.06349, 0.06333, 0.06319, 0.0629, 0.06284, 0.06261, 0.06247, 0.06242, 0.06229, 0.06219, 0.06201, 0.06197, 0.06172, 0.06142, 0.06135, 0.06133, 0.06117, 0.06085, 0.06085, 0.06067, 0.06063, 0.06046, 0.06017, 0.05997, 0.05993, 0.05985, 0.05977, 0.0598, 0.05956, 0.05944, 0.05944, 0.05927]
[0.00878, 0.01486, 0.01954, 0.03843, 0.05397, 0.05558, 0.05821, 0.06042, 0.06226, 0.06344, 0.06459, 0.06578, 0.06628, 0.06659, 0.06702, 0.06727, 0.06742, 0.06771, 0.06801, 0.06829, 0.06837, 0.06843, 0.06826, 0.06822, 0.06829, 0.06813, 0.06797, 0.06775, 0.06752, 0.0674, 0.0673, 0.0672, 0.06704, 0.06682, 0.06671, 0.06655, 0.06648, 0.06632, 0.06619, 0.06603, 0.06589, 0.06556, 0.0654, 0.0651, 0.06499, 0.06463, 0.06455, 0.06435, 0.06401, 0.06386, 0.06374, 0.06349, 0.06333, 0.06319, 0.0629, 0.06284, 0.06261, 0.06247, 0.06242, 0.06229, 0.06219, 0.06201, 0.06197, 0.06172, 0.06142, 0.06135, 0.06133, 0.06117, 0.06085, 0.06085, 0.06067, 0.06063, 0.06046, 0.06017, 0.05997, 0.05993, 0.05985, 0.05977, 0.0598, 0.05956, 0.05944, 0.05944, 0.05927, 0.05918]
[0.00878, 0.01486, 0.01954, 0.03843, 0.05397, 0.05558, 0.05821, 0.06042, 0.06226, 0.06344, 0.06459, 0.06578, 0.06628, 0.06659, 0.06702, 0.06727, 0.06742, 0.06771, 0.06801, 0.06829, 0.06837, 0.06843, 0.06826, 0.06822, 0.06829, 0.06813, 0.06797, 0.06775, 0.06752, 0.0674, 0.0673, 0.0672, 0.06704, 0.06682, 0.06671, 0.06655, 0.06648, 0.06632, 0.06619, 0.06603, 0.06589, 0.06556, 0.0654, 0.0651, 0.06499, 0.06463, 0.06455, 0.06435, 0.06401, 0.06386, 0.06374, 0.06349, 0.06333, 0.06319, 0.0629, 0.06284, 0.06261, 0.06247, 0.06242, 0.06229, 0.06219, 0.06201, 0.06197, 0.06172, 0.06142, 0.06135, 0.06133, 0.06117, 0.06085, 0.06085, 0.06067, 0.06063, 0.06046, 0.06017, 0.05997, 0.05993, 0.05985, 0.05977, 0.0598, 0.05956, 0.05944, 0.05944, 0.05927, 0.05918, 0.05893]
[0.00878, 0.01486, 0.01954, 0.03843, 0.05397, 0.05558, 0.05821, 0.06042, 0.06226, 0.06344, 0.06459, 0.06578, 0.06628, 0.06659, 0.06702, 0.06727, 0.06742, 0.06771, 0.06801, 0.06829, 0.06837, 0.06843, 0.06826, 0.06822, 0.06829, 0.06813, 0.06797, 0.06775, 0.06752, 0.0674, 0.0673, 0.0672, 0.06704, 0.06682, 0.06671, 0.06655, 0.06648, 0.06632, 0.06619, 0.06603, 0.06589, 0.06556, 0.0654, 0.0651, 0.06499, 0.06463, 0.06455, 0.06435, 0.06401, 0.06386, 0.06374, 0.06349, 0.06333, 0.06319, 0.0629, 0.06284, 0.06261, 0.06247, 0.06242, 0.06229, 0.06219, 0.06201, 0.06197, 0.06172, 0.06142, 0.06135, 0.06133, 0.06117, 0.06085, 0.06085, 0.06067, 0.06063, 0.06046, 0.06017, 0.05997, 0.05993, 0.05985, 0.05977, 0.0598, 0.05956, 0.05944, 0.05944, 0.05927, 0.05918, 0.05893, 0.05876]
[0.00878, 0.01486, 0.01954, 0.03843, 0.05397, 0.05558, 0.05821, 0.06042, 0.06226, 0.06344, 0.06459, 0.06578, 0.06628, 0.06659, 0.06702, 0.06727, 0.06742, 0.06771, 0.06801, 0.06829, 0.06837, 0.06843, 0.06826, 0.06822, 0.06829, 0.06813, 0.06797, 0.06775, 0.06752, 0.0674, 0.0673, 0.0672, 0.06704, 0.06682, 0.06671, 0.06655, 0.06648, 0.06632, 0.06619, 0.06603, 0.06589, 0.06556, 0.0654, 0.0651, 0.06499, 0.06463, 0.06455, 0.06435, 0.06401, 0.06386, 0.06374, 0.06349, 0.06333, 0.06319, 0.0629, 0.06284, 0.06261, 0.06247, 0.06242, 0.06229, 0.06219, 0.06201, 0.06197, 0.06172, 0.06142, 0.06135, 0.06133, 0.06117, 0.06085, 0.06085, 0.06067, 0.06063, 0.06046, 0.06017, 0.05997, 0.05993, 0.05985, 0.05977, 0.0598, 0.05956, 0.05944, 0.05944, 0.05927, 0.05918, 0.05893, 0.05876, 0.0586]
[0.00878, 0.01486, 0.01954, 0.03843, 0.05397, 0.05558, 0.05821, 0.06042, 0.06226, 0.06344, 0.06459, 0.06578, 0.06628, 0.06659, 0.06702, 0.06727, 0.06742, 0.06771, 0.06801, 0.06829, 0.06837, 0.06843, 0.06826, 0.06822, 0.06829, 0.06813, 0.06797, 0.06775, 0.06752, 0.0674, 0.0673, 0.0672, 0.06704, 0.06682, 0.06671, 0.06655, 0.06648, 0.06632, 0.06619, 0.06603, 0.06589, 0.06556, 0.0654, 0.0651, 0.06499, 0.06463, 0.06455, 0.06435, 0.06401, 0.06386, 0.06374, 0.06349, 0.06333, 0.06319, 0.0629, 0.06284, 0.06261, 0.06247, 0.06242, 0.06229, 0.06219, 0.06201, 0.06197, 0.06172, 0.06142, 0.06135, 0.06133, 0.06117, 0.06085, 0.06085, 0.06067, 0.06063, 0.06046, 0.06017, 0.05997, 0.05993, 0.05985, 0.05977, 0.0598, 0.05956, 0.05944, 0.05944, 0.05927, 0.05918, 0.05893, 0.05876, 0.0586, 0.05852]
[0.00878, 0.01486, 0.01954, 0.03843, 0.05397, 0.05558, 0.05821, 0.06042, 0.06226, 0.06344, 0.06459, 0.06578, 0.06628, 0.06659, 0.06702, 0.06727, 0.06742, 0.06771, 0.06801, 0.06829, 0.06837, 0.06843, 0.06826, 0.06822, 0.06829, 0.06813, 0.06797, 0.06775, 0.06752, 0.0674, 0.0673, 0.0672, 0.06704, 0.06682, 0.06671, 0.06655, 0.06648, 0.06632, 0.06619, 0.06603, 0.06589, 0.06556, 0.0654, 0.0651, 0.06499, 0.06463, 0.06455, 0.06435, 0.06401, 0.06386, 0.06374, 0.06349, 0.06333, 0.06319, 0.0629, 0.06284, 0.06261, 0.06247, 0.06242, 0.06229, 0.06219, 0.06201, 0.06197, 0.06172, 0.06142, 0.06135, 0.06133, 0.06117, 0.06085, 0.06085, 0.06067, 0.06063, 0.06046, 0.06017, 0.05997, 0.05993, 0.05985, 0.05977, 0.0598, 0.05956, 0.05944, 0.05944, 0.05927, 0.05918, 0.05893, 0.05876, 0.0586, 0.05852, 0.0584]
[0.00878, 0.01486, 0.01954, 0.03843, 0.05397, 0.05558, 0.05821, 0.06042, 0.06226, 0.06344, 0.06459, 0.06578, 0.06628, 0.06659, 0.06702, 0.06727, 0.06742, 0.06771, 0.06801, 0.06829, 0.06837, 0.06843, 0.06826, 0.06822, 0.06829, 0.06813, 0.06797, 0.06775, 0.06752, 0.0674, 0.0673, 0.0672, 0.06704, 0.06682, 0.06671, 0.06655, 0.06648, 0.06632, 0.06619, 0.06603, 0.06589, 0.06556, 0.0654, 0.0651, 0.06499, 0.06463, 0.06455, 0.06435, 0.06401, 0.06386, 0.06374, 0.06349, 0.06333, 0.06319, 0.0629, 0.06284, 0.06261, 0.06247, 0.06242, 0.06229, 0.06219, 0.06201, 0.06197, 0.06172, 0.06142, 0.06135, 0.06133, 0.06117, 0.06085, 0.06085, 0.06067, 0.06063, 0.06046, 0.06017, 0.05997, 0.05993, 0.05985, 0.05977, 0.0598, 0.05956, 0.05944, 0.05944, 0.05927, 0.05918, 0.05893, 0.05876, 0.0586, 0.05852, 0.0584, 0.05833]
[0.00878, 0.01486, 0.01954, 0.03843, 0.05397, 0.05558, 0.05821, 0.06042, 0.06226, 0.06344, 0.06459, 0.06578, 0.06628, 0.06659, 0.06702, 0.06727, 0.06742, 0.06771, 0.06801, 0.06829, 0.06837, 0.06843, 0.06826, 0.06822, 0.06829, 0.06813, 0.06797, 0.06775, 0.06752, 0.0674, 0.0673, 0.0672, 0.06704, 0.06682, 0.06671, 0.06655, 0.06648, 0.06632, 0.06619, 0.06603, 0.06589, 0.06556, 0.0654, 0.0651, 0.06499, 0.06463, 0.06455, 0.06435, 0.06401, 0.06386, 0.06374, 0.06349, 0.06333, 0.06319, 0.0629, 0.06284, 0.06261, 0.06247, 0.06242, 0.06229, 0.06219, 0.06201, 0.06197, 0.06172, 0.06142, 0.06135, 0.06133, 0.06117, 0.06085, 0.06085, 0.06067, 0.06063, 0.06046, 0.06017, 0.05997, 0.05993, 0.05985, 0.05977, 0.0598, 0.05956, 0.05944, 0.05944, 0.05927, 0.05918, 0.05893, 0.05876, 0.0586, 0.05852, 0.0584, 0.05833, 0.05816]
[0.00878, 0.01486, 0.01954, 0.03843, 0.05397, 0.05558, 0.05821, 0.06042, 0.06226, 0.06344, 0.06459, 0.06578, 0.06628, 0.06659, 0.06702, 0.06727, 0.06742, 0.06771, 0.06801, 0.06829, 0.06837, 0.06843, 0.06826, 0.06822, 0.06829, 0.06813, 0.06797, 0.06775, 0.06752, 0.0674, 0.0673, 0.0672, 0.06704, 0.06682, 0.06671, 0.06655, 0.06648, 0.06632, 0.06619, 0.06603, 0.06589, 0.06556, 0.0654, 0.0651, 0.06499, 0.06463, 0.06455, 0.06435, 0.06401, 0.06386, 0.06374, 0.06349, 0.06333, 0.06319, 0.0629, 0.06284, 0.06261, 0.06247, 0.06242, 0.06229, 0.06219, 0.06201, 0.06197, 0.06172, 0.06142, 0.06135, 0.06133, 0.06117, 0.06085, 0.06085, 0.06067, 0.06063, 0.06046, 0.06017, 0.05997, 0.05993, 0.05985, 0.05977, 0.0598, 0.05956, 0.05944, 0.05944, 0.05927, 0.05918, 0.05893, 0.05876, 0.0586, 0.05852, 0.0584, 0.05833, 0.05816, 0.05791]
[0.00878, 0.01486, 0.01954, 0.03843, 0.05397, 0.05558, 0.05821, 0.06042, 0.06226, 0.06344, 0.06459, 0.06578, 0.06628, 0.06659, 0.06702, 0.06727, 0.06742, 0.06771, 0.06801, 0.06829, 0.06837, 0.06843, 0.06826, 0.06822, 0.06829, 0.06813, 0.06797, 0.06775, 0.06752, 0.0674, 0.0673, 0.0672, 0.06704, 0.06682, 0.06671, 0.06655, 0.06648, 0.06632, 0.06619, 0.06603, 0.06589, 0.06556, 0.0654, 0.0651, 0.06499, 0.06463, 0.06455, 0.06435, 0.06401, 0.06386, 0.06374, 0.06349, 0.06333, 0.06319, 0.0629, 0.06284, 0.06261, 0.06247, 0.06242, 0.06229, 0.06219, 0.06201, 0.06197, 0.06172, 0.06142, 0.06135, 0.06133, 0.06117, 0.06085, 0.06085, 0.06067, 0.06063, 0.06046, 0.06017, 0.05997, 0.05993, 0.05985, 0.05977, 0.0598, 0.05956, 0.05944, 0.05944, 0.05927, 0.05918, 0.05893, 0.05876, 0.0586, 0.05852, 0.0584, 0.05833, 0.05816, 0.05791, 0.05788]
[0.00878, 0.01486, 0.01954, 0.03843, 0.05397, 0.05558, 0.05821, 0.06042, 0.06226, 0.06344, 0.06459, 0.06578, 0.06628, 0.06659, 0.06702, 0.06727, 0.06742, 0.06771, 0.06801, 0.06829, 0.06837, 0.06843, 0.06826, 0.06822, 0.06829, 0.06813, 0.06797, 0.06775, 0.06752, 0.0674, 0.0673, 0.0672, 0.06704, 0.06682, 0.06671, 0.06655, 0.06648, 0.06632, 0.06619, 0.06603, 0.06589, 0.06556, 0.0654, 0.0651, 0.06499, 0.06463, 0.06455, 0.06435, 0.06401, 0.06386, 0.06374, 0.06349, 0.06333, 0.06319, 0.0629, 0.06284, 0.06261, 0.06247, 0.06242, 0.06229, 0.06219, 0.06201, 0.06197, 0.06172, 0.06142, 0.06135, 0.06133, 0.06117, 0.06085, 0.06085, 0.06067, 0.06063, 0.06046, 0.06017, 0.05997, 0.05993, 0.05985, 0.05977, 0.0598, 0.05956, 0.05944, 0.05944, 0.05927, 0.05918, 0.05893, 0.05876, 0.0586, 0.05852, 0.0584, 0.05833, 0.05816, 0.05791, 0.05788, 0.0577]
[0.00878, 0.01486, 0.01954, 0.03843, 0.05397, 0.05558, 0.05821, 0.06042, 0.06226, 0.06344, 0.06459, 0.06578, 0.06628, 0.06659, 0.06702, 0.06727, 0.06742, 0.06771, 0.06801, 0.06829, 0.06837, 0.06843, 0.06826, 0.06822, 0.06829, 0.06813, 0.06797, 0.06775, 0.06752, 0.0674, 0.0673, 0.0672, 0.06704, 0.06682, 0.06671, 0.06655, 0.06648, 0.06632, 0.06619, 0.06603, 0.06589, 0.06556, 0.0654, 0.0651, 0.06499, 0.06463, 0.06455, 0.06435, 0.06401, 0.06386, 0.06374, 0.06349, 0.06333, 0.06319, 0.0629, 0.06284, 0.06261, 0.06247, 0.06242, 0.06229, 0.06219, 0.06201, 0.06197, 0.06172, 0.06142, 0.06135, 0.06133, 0.06117, 0.06085, 0.06085, 0.06067, 0.06063, 0.06046, 0.06017, 0.05997, 0.05993, 0.05985, 0.05977, 0.0598, 0.05956, 0.05944, 0.05944, 0.05927, 0.05918, 0.05893, 0.05876, 0.0586, 0.05852, 0.0584, 0.05833, 0.05816, 0.05791, 0.05788, 0.0577, 0.05755]
