[0.00465]
[0.00465, 0.00564]
[0.00465, 0.00564, 0.00705]
[0.00465, 0.00564, 0.00705, 0.00889]
[0.00465, 0.00564, 0.00705, 0.00889, 0.0101]
[0.00465, 0.00564, 0.00705, 0.00889, 0.0101, 0.01201]
[0.00465, 0.00564, 0.00705, 0.00889, 0.0101, 0.01201, 0.01352]
[0.00465, 0.00564, 0.00705, 0.00889, 0.0101, 0.01201, 0.01352, 0.01416]
[0.00465, 0.00564, 0.00705, 0.00889, 0.0101, 0.01201, 0.01352, 0.01416, 0.01529]
[0.00465, 0.00564, 0.00705, 0.00889, 0.0101, 0.01201, 0.01352, 0.01416, 0.01529, 0.02056]
[0.00465, 0.00564, 0.00705, 0.00889, 0.0101, 0.01201, 0.01352, 0.01416, 0.01529, 0.02056, 0.02878]
[0.00465, 0.00564, 0.00705, 0.00889, 0.0101, 0.01201, 0.01352, 0.01416, 0.01529, 0.02056, 0.02878, 0.04411]
[0.00465, 0.00564, 0.00705, 0.00889, 0.0101, 0.01201, 0.01352, 0.01416, 0.01529, 0.02056, 0.02878, 0.04411, 0.06786]
[0.00465, 0.00564, 0.00705, 0.00889, 0.0101, 0.01201, 0.01352, 0.01416, 0.01529, 0.02056, 0.02878, 0.04411, 0.06786, 0.09797]
[0.00465, 0.00564, 0.00705, 0.00889, 0.0101, 0.01201, 0.01352, 0.01416, 0.01529, 0.02056, 0.02878, 0.04411, 0.06786, 0.09797, 0.12268]
[0.00465, 0.00564, 0.00705, 0.00889, 0.0101, 0.01201, 0.01352, 0.01416, 0.01529, 0.02056, 0.02878, 0.04411, 0.06786, 0.09797, 0.12268, 0.13574]
[0.00465, 0.00564, 0.00705, 0.00889, 0.0101, 0.01201, 0.01352, 0.01416, 0.01529, 0.02056, 0.02878, 0.04411, 0.06786, 0.09797, 0.12268, 0.13574, 0.13852]
[0.00465, 0.00564, 0.00705, 0.00889, 0.0101, 0.01201, 0.01352, 0.01416, 0.01529, 0.02056, 0.02878, 0.04411, 0.06786, 0.09797, 0.12268, 0.13574, 0.13852, 0.14055]
[0.00465, 0.00564, 0.00705, 0.00889, 0.0101, 0.01201, 0.01352, 0.01416, 0.01529, 0.02056, 0.02878, 0.04411, 0.06786, 0.09797, 0.12268, 0.13574, 0.13852, 0.14055, 0.14153]
[0.00465, 0.00564, 0.00705, 0.00889, 0.0101, 0.01201, 0.01352, 0.01416, 0.01529, 0.02056, 0.02878, 0.04411, 0.06786, 0.09797, 0.12268, 0.13574, 0.13852, 0.14055, 0.14153, 0.1446]
[0.00465, 0.00564, 0.00705, 0.00889, 0.0101, 0.01201, 0.01352, 0.01416, 0.01529, 0.02056, 0.02878, 0.04411, 0.06786, 0.09797, 0.12268, 0.13574, 0.13852, 0.14055, 0.14153, 0.1446, 0.14662]
[0.00465, 0.00564, 0.00705, 0.00889, 0.0101, 0.01201, 0.01352, 0.01416, 0.01529, 0.02056, 0.02878, 0.04411, 0.06786, 0.09797, 0.12268, 0.13574, 0.13852, 0.14055, 0.14153, 0.1446, 0.14662, 0.14975]
[0.00465, 0.00564, 0.00705, 0.00889, 0.0101, 0.01201, 0.01352, 0.01416, 0.01529, 0.02056, 0.02878, 0.04411, 0.06786, 0.09797, 0.12268, 0.13574, 0.13852, 0.14055, 0.14153, 0.1446, 0.14662, 0.14975, 0.15127]
[0.00465, 0.00564, 0.00705, 0.00889, 0.0101, 0.01201, 0.01352, 0.01416, 0.01529, 0.02056, 0.02878, 0.04411, 0.06786, 0.09797, 0.12268, 0.13574, 0.13852, 0.14055, 0.14153, 0.1446, 0.14662, 0.14975, 0.15127, 0.15357]
[0.00465, 0.00564, 0.00705, 0.00889, 0.0101, 0.01201, 0.01352, 0.01416, 0.01529, 0.02056, 0.02878, 0.04411, 0.06786, 0.09797, 0.12268, 0.13574, 0.13852, 0.14055, 0.14153, 0.1446, 0.14662, 0.14975, 0.15127, 0.15357, 0.15511]
[0.00465, 0.00564, 0.00705, 0.00889, 0.0101, 0.01201, 0.01352, 0.01416, 0.01529, 0.02056, 0.02878, 0.04411, 0.06786, 0.09797, 0.12268, 0.13574, 0.13852, 0.14055, 0.14153, 0.1446, 0.14662, 0.14975, 0.15127, 0.15357, 0.15511, 0.15692]
[0.00465, 0.00564, 0.00705, 0.00889, 0.0101, 0.01201, 0.01352, 0.01416, 0.01529, 0.02056, 0.02878, 0.04411, 0.06786, 0.09797, 0.12268, 0.13574, 0.13852, 0.14055, 0.14153, 0.1446, 0.14662, 0.14975, 0.15127, 0.15357, 0.15511, 0.15692, 0.15875]
[0.00465, 0.00564, 0.00705, 0.00889, 0.0101, 0.01201, 0.01352, 0.01416, 0.01529, 0.02056, 0.02878, 0.04411, 0.06786, 0.09797, 0.12268, 0.13574, 0.13852, 0.14055, 0.14153, 0.1446, 0.14662, 0.14975, 0.15127, 0.15357, 0.15511, 0.15692, 0.15875, 0.16081]
[0.00465, 0.00564, 0.00705, 0.00889, 0.0101, 0.01201, 0.01352, 0.01416, 0.01529, 0.02056, 0.02878, 0.04411, 0.06786, 0.09797, 0.12268, 0.13574, 0.13852, 0.14055, 0.14153, 0.1446, 0.14662, 0.14975, 0.15127, 0.15357, 0.15511, 0.15692, 0.15875, 0.16081, 0.16216]
[0.00465, 0.00564, 0.00705, 0.00889, 0.0101, 0.01201, 0.01352, 0.01416, 0.01529, 0.02056, 0.02878, 0.04411, 0.06786, 0.09797, 0.12268, 0.13574, 0.13852, 0.14055, 0.14153, 0.1446, 0.14662, 0.14975, 0.15127, 0.15357, 0.15511, 0.15692, 0.15875, 0.16081, 0.16216, 0.16324]
[0.00465, 0.00564, 0.00705, 0.00889, 0.0101, 0.01201, 0.01352, 0.01416, 0.01529, 0.02056, 0.02878, 0.04411, 0.06786, 0.09797, 0.12268, 0.13574, 0.13852, 0.14055, 0.14153, 0.1446, 0.14662, 0.14975, 0.15127, 0.15357, 0.15511, 0.15692, 0.15875, 0.16081, 0.16216, 0.16324, 0.16417]
[0.00465, 0.00564, 0.00705, 0.00889, 0.0101, 0.01201, 0.01352, 0.01416, 0.01529, 0.02056, 0.02878, 0.04411, 0.06786, 0.09797, 0.12268, 0.13574, 0.13852, 0.14055, 0.14153, 0.1446, 0.14662, 0.14975, 0.15127, 0.15357, 0.15511, 0.15692, 0.15875, 0.16081, 0.16216, 0.16324, 0.16417, 0.16539]
[0.00465, 0.00564, 0.00705, 0.00889, 0.0101, 0.01201, 0.01352, 0.01416, 0.01529, 0.02056, 0.02878, 0.04411, 0.06786, 0.09797, 0.12268, 0.13574, 0.13852, 0.14055, 0.14153, 0.1446, 0.14662, 0.14975, 0.15127, 0.15357, 0.15511, 0.15692, 0.15875, 0.16081, 0.16216, 0.16324, 0.16417, 0.16539, 0.16636]
[0.00465, 0.00564, 0.00705, 0.00889, 0.0101, 0.01201, 0.01352, 0.01416, 0.01529, 0.02056, 0.02878, 0.04411, 0.06786, 0.09797, 0.12268, 0.13574, 0.13852, 0.14055, 0.14153, 0.1446, 0.14662, 0.14975, 0.15127, 0.15357, 0.15511, 0.15692, 0.15875, 0.16081, 0.16216, 0.16324, 0.16417, 0.16539, 0.16636, 0.16716]
[0.00465, 0.00564, 0.00705, 0.00889, 0.0101, 0.01201, 0.01352, 0.01416, 0.01529, 0.02056, 0.02878, 0.04411, 0.06786, 0.09797, 0.12268, 0.13574, 0.13852, 0.14055, 0.14153, 0.1446, 0.14662, 0.14975, 0.15127, 0.15357, 0.15511, 0.15692, 0.15875, 0.16081, 0.16216, 0.16324, 0.16417, 0.16539, 0.16636, 0.16716, 0.1676]
[0.00465, 0.00564, 0.00705, 0.00889, 0.0101, 0.01201, 0.01352, 0.01416, 0.01529, 0.02056, 0.02878, 0.04411, 0.06786, 0.09797, 0.12268, 0.13574, 0.13852, 0.14055, 0.14153, 0.1446, 0.14662, 0.14975, 0.15127, 0.15357, 0.15511, 0.15692, 0.15875, 0.16081, 0.16216, 0.16324, 0.16417, 0.16539, 0.16636, 0.16716, 0.1676, 0.16828]
[0.00465, 0.00564, 0.00705, 0.00889, 0.0101, 0.01201, 0.01352, 0.01416, 0.01529, 0.02056, 0.02878, 0.04411, 0.06786, 0.09797, 0.12268, 0.13574, 0.13852, 0.14055, 0.14153, 0.1446, 0.14662, 0.14975, 0.15127, 0.15357, 0.15511, 0.15692, 0.15875, 0.16081, 0.16216, 0.16324, 0.16417, 0.16539, 0.16636, 0.16716, 0.1676, 0.16828, 0.16857]
[0.00465, 0.00564, 0.00705, 0.00889, 0.0101, 0.01201, 0.01352, 0.01416, 0.01529, 0.02056, 0.02878, 0.04411, 0.06786, 0.09797, 0.12268, 0.13574, 0.13852, 0.14055, 0.14153, 0.1446, 0.14662, 0.14975, 0.15127, 0.15357, 0.15511, 0.15692, 0.15875, 0.16081, 0.16216, 0.16324, 0.16417, 0.16539, 0.16636, 0.16716, 0.1676, 0.16828, 0.16857, 0.16888]
[0.00465, 0.00564, 0.00705, 0.00889, 0.0101, 0.01201, 0.01352, 0.01416, 0.01529, 0.02056, 0.02878, 0.04411, 0.06786, 0.09797, 0.12268, 0.13574, 0.13852, 0.14055, 0.14153, 0.1446, 0.14662, 0.14975, 0.15127, 0.15357, 0.15511, 0.15692, 0.15875, 0.16081, 0.16216, 0.16324, 0.16417, 0.16539, 0.16636, 0.16716, 0.1676, 0.16828, 0.16857, 0.16888, 0.1694]
[0.00465, 0.00564, 0.00705, 0.00889, 0.0101, 0.01201, 0.01352, 0.01416, 0.01529, 0.02056, 0.02878, 0.04411, 0.06786, 0.09797, 0.12268, 0.13574, 0.13852, 0.14055, 0.14153, 0.1446, 0.14662, 0.14975, 0.15127, 0.15357, 0.15511, 0.15692, 0.15875, 0.16081, 0.16216, 0.16324, 0.16417, 0.16539, 0.16636, 0.16716, 0.1676, 0.16828, 0.16857, 0.16888, 0.1694, 0.16956]
[0.00465, 0.00564, 0.00705, 0.00889, 0.0101, 0.01201, 0.01352, 0.01416, 0.01529, 0.02056, 0.02878, 0.04411, 0.06786, 0.09797, 0.12268, 0.13574, 0.13852, 0.14055, 0.14153, 0.1446, 0.14662, 0.14975, 0.15127, 0.15357, 0.15511, 0.15692, 0.15875, 0.16081, 0.16216, 0.16324, 0.16417, 0.16539, 0.16636, 0.16716, 0.1676, 0.16828, 0.16857, 0.16888, 0.1694, 0.16956, 0.17044]
[0.00465, 0.00564, 0.00705, 0.00889, 0.0101, 0.01201, 0.01352, 0.01416, 0.01529, 0.02056, 0.02878, 0.04411, 0.06786, 0.09797, 0.12268, 0.13574, 0.13852, 0.14055, 0.14153, 0.1446, 0.14662, 0.14975, 0.15127, 0.15357, 0.15511, 0.15692, 0.15875, 0.16081, 0.16216, 0.16324, 0.16417, 0.16539, 0.16636, 0.16716, 0.1676, 0.16828, 0.16857, 0.16888, 0.1694, 0.16956, 0.17044, 0.17072]
[0.00465, 0.00564, 0.00705, 0.00889, 0.0101, 0.01201, 0.01352, 0.01416, 0.01529, 0.02056, 0.02878, 0.04411, 0.06786, 0.09797, 0.12268, 0.13574, 0.13852, 0.14055, 0.14153, 0.1446, 0.14662, 0.14975, 0.15127, 0.15357, 0.15511, 0.15692, 0.15875, 0.16081, 0.16216, 0.16324, 0.16417, 0.16539, 0.16636, 0.16716, 0.1676, 0.16828, 0.16857, 0.16888, 0.1694, 0.16956, 0.17044, 0.17072, 0.17027]
[0.00465, 0.00564, 0.00705, 0.00889, 0.0101, 0.01201, 0.01352, 0.01416, 0.01529, 0.02056, 0.02878, 0.04411, 0.06786, 0.09797, 0.12268, 0.13574, 0.13852, 0.14055, 0.14153, 0.1446, 0.14662, 0.14975, 0.15127, 0.15357, 0.15511, 0.15692, 0.15875, 0.16081, 0.16216, 0.16324, 0.16417, 0.16539, 0.16636, 0.16716, 0.1676, 0.16828, 0.16857, 0.16888, 0.1694, 0.16956, 0.17044, 0.17072, 0.17027, 0.17063]
[0.00465, 0.00564, 0.00705, 0.00889, 0.0101, 0.01201, 0.01352, 0.01416, 0.01529, 0.02056, 0.02878, 0.04411, 0.06786, 0.09797, 0.12268, 0.13574, 0.13852, 0.14055, 0.14153, 0.1446, 0.14662, 0.14975, 0.15127, 0.15357, 0.15511, 0.15692, 0.15875, 0.16081, 0.16216, 0.16324, 0.16417, 0.16539, 0.16636, 0.16716, 0.1676, 0.16828, 0.16857, 0.16888, 0.1694, 0.16956, 0.17044, 0.17072, 0.17027, 0.17063, 0.17039]
[0.00465, 0.00564, 0.00705, 0.00889, 0.0101, 0.01201, 0.01352, 0.01416, 0.01529, 0.02056, 0.02878, 0.04411, 0.06786, 0.09797, 0.12268, 0.13574, 0.13852, 0.14055, 0.14153, 0.1446, 0.14662, 0.14975, 0.15127, 0.15357, 0.15511, 0.15692, 0.15875, 0.16081, 0.16216, 0.16324, 0.16417, 0.16539, 0.16636, 0.16716, 0.1676, 0.16828, 0.16857, 0.16888, 0.1694, 0.16956, 0.17044, 0.17072, 0.17027, 0.17063, 0.17039, 0.1706]
[0.00465, 0.00564, 0.00705, 0.00889, 0.0101, 0.01201, 0.01352, 0.01416, 0.01529, 0.02056, 0.02878, 0.04411, 0.06786, 0.09797, 0.12268, 0.13574, 0.13852, 0.14055, 0.14153, 0.1446, 0.14662, 0.14975, 0.15127, 0.15357, 0.15511, 0.15692, 0.15875, 0.16081, 0.16216, 0.16324, 0.16417, 0.16539, 0.16636, 0.16716, 0.1676, 0.16828, 0.16857, 0.16888, 0.1694, 0.16956, 0.17044, 0.17072, 0.17027, 0.17063, 0.17039, 0.1706, 0.17032]
[0.00465, 0.00564, 0.00705, 0.00889, 0.0101, 0.01201, 0.01352, 0.01416, 0.01529, 0.02056, 0.02878, 0.04411, 0.06786, 0.09797, 0.12268, 0.13574, 0.13852, 0.14055, 0.14153, 0.1446, 0.14662, 0.14975, 0.15127, 0.15357, 0.15511, 0.15692, 0.15875, 0.16081, 0.16216, 0.16324, 0.16417, 0.16539, 0.16636, 0.16716, 0.1676, 0.16828, 0.16857, 0.16888, 0.1694, 0.16956, 0.17044, 0.17072, 0.17027, 0.17063, 0.17039, 0.1706, 0.17032, 0.16975]
[0.00465, 0.00564, 0.00705, 0.00889, 0.0101, 0.01201, 0.01352, 0.01416, 0.01529, 0.02056, 0.02878, 0.04411, 0.06786, 0.09797, 0.12268, 0.13574, 0.13852, 0.14055, 0.14153, 0.1446, 0.14662, 0.14975, 0.15127, 0.15357, 0.15511, 0.15692, 0.15875, 0.16081, 0.16216, 0.16324, 0.16417, 0.16539, 0.16636, 0.16716, 0.1676, 0.16828, 0.16857, 0.16888, 0.1694, 0.16956, 0.17044, 0.17072, 0.17027, 0.17063, 0.17039, 0.1706, 0.17032, 0.16975, 0.16979]
[0.00465, 0.00564, 0.00705, 0.00889, 0.0101, 0.01201, 0.01352, 0.01416, 0.01529, 0.02056, 0.02878, 0.04411, 0.06786, 0.09797, 0.12268, 0.13574, 0.13852, 0.14055, 0.14153, 0.1446, 0.14662, 0.14975, 0.15127, 0.15357, 0.15511, 0.15692, 0.15875, 0.16081, 0.16216, 0.16324, 0.16417, 0.16539, 0.16636, 0.16716, 0.1676, 0.16828, 0.16857, 0.16888, 0.1694, 0.16956, 0.17044, 0.17072, 0.17027, 0.17063, 0.17039, 0.1706, 0.17032, 0.16975, 0.16979, 0.16975]
[0.00465, 0.00564, 0.00705, 0.00889, 0.0101, 0.01201, 0.01352, 0.01416, 0.01529, 0.02056, 0.02878, 0.04411, 0.06786, 0.09797, 0.12268, 0.13574, 0.13852, 0.14055, 0.14153, 0.1446, 0.14662, 0.14975, 0.15127, 0.15357, 0.15511, 0.15692, 0.15875, 0.16081, 0.16216, 0.16324, 0.16417, 0.16539, 0.16636, 0.16716, 0.1676, 0.16828, 0.16857, 0.16888, 0.1694, 0.16956, 0.17044, 0.17072, 0.17027, 0.17063, 0.17039, 0.1706, 0.17032, 0.16975, 0.16979, 0.16975, 0.16995]
[0.00465, 0.00564, 0.00705, 0.00889, 0.0101, 0.01201, 0.01352, 0.01416, 0.01529, 0.02056, 0.02878, 0.04411, 0.06786, 0.09797, 0.12268, 0.13574, 0.13852, 0.14055, 0.14153, 0.1446, 0.14662, 0.14975, 0.15127, 0.15357, 0.15511, 0.15692, 0.15875, 0.16081, 0.16216, 0.16324, 0.16417, 0.16539, 0.16636, 0.16716, 0.1676, 0.16828, 0.16857, 0.16888, 0.1694, 0.16956, 0.17044, 0.17072, 0.17027, 0.17063, 0.17039, 0.1706, 0.17032, 0.16975, 0.16979, 0.16975, 0.16995, 0.17011]
[0.00465, 0.00564, 0.00705, 0.00889, 0.0101, 0.01201, 0.01352, 0.01416, 0.01529, 0.02056, 0.02878, 0.04411, 0.06786, 0.09797, 0.12268, 0.13574, 0.13852, 0.14055, 0.14153, 0.1446, 0.14662, 0.14975, 0.15127, 0.15357, 0.15511, 0.15692, 0.15875, 0.16081, 0.16216, 0.16324, 0.16417, 0.16539, 0.16636, 0.16716, 0.1676, 0.16828, 0.16857, 0.16888, 0.1694, 0.16956, 0.17044, 0.17072, 0.17027, 0.17063, 0.17039, 0.1706, 0.17032, 0.16975, 0.16979, 0.16975, 0.16995, 0.17011, 0.16993]
[0.00465, 0.00564, 0.00705, 0.00889, 0.0101, 0.01201, 0.01352, 0.01416, 0.01529, 0.02056, 0.02878, 0.04411, 0.06786, 0.09797, 0.12268, 0.13574, 0.13852, 0.14055, 0.14153, 0.1446, 0.14662, 0.14975, 0.15127, 0.15357, 0.15511, 0.15692, 0.15875, 0.16081, 0.16216, 0.16324, 0.16417, 0.16539, 0.16636, 0.16716, 0.1676, 0.16828, 0.16857, 0.16888, 0.1694, 0.16956, 0.17044, 0.17072, 0.17027, 0.17063, 0.17039, 0.1706, 0.17032, 0.16975, 0.16979, 0.16975, 0.16995, 0.17011, 0.16993, 0.17032]
[0.00465, 0.00564, 0.00705, 0.00889, 0.0101, 0.01201, 0.01352, 0.01416, 0.01529, 0.02056, 0.02878, 0.04411, 0.06786, 0.09797, 0.12268, 0.13574, 0.13852, 0.14055, 0.14153, 0.1446, 0.14662, 0.14975, 0.15127, 0.15357, 0.15511, 0.15692, 0.15875, 0.16081, 0.16216, 0.16324, 0.16417, 0.16539, 0.16636, 0.16716, 0.1676, 0.16828, 0.16857, 0.16888, 0.1694, 0.16956, 0.17044, 0.17072, 0.17027, 0.17063, 0.17039, 0.1706, 0.17032, 0.16975, 0.16979, 0.16975, 0.16995, 0.17011, 0.16993, 0.17032, 0.16987]
[0.00465, 0.00564, 0.00705, 0.00889, 0.0101, 0.01201, 0.01352, 0.01416, 0.01529, 0.02056, 0.02878, 0.04411, 0.06786, 0.09797, 0.12268, 0.13574, 0.13852, 0.14055, 0.14153, 0.1446, 0.14662, 0.14975, 0.15127, 0.15357, 0.15511, 0.15692, 0.15875, 0.16081, 0.16216, 0.16324, 0.16417, 0.16539, 0.16636, 0.16716, 0.1676, 0.16828, 0.16857, 0.16888, 0.1694, 0.16956, 0.17044, 0.17072, 0.17027, 0.17063, 0.17039, 0.1706, 0.17032, 0.16975, 0.16979, 0.16975, 0.16995, 0.17011, 0.16993, 0.17032, 0.16987, 0.16962]
[0.00465, 0.00564, 0.00705, 0.00889, 0.0101, 0.01201, 0.01352, 0.01416, 0.01529, 0.02056, 0.02878, 0.04411, 0.06786, 0.09797, 0.12268, 0.13574, 0.13852, 0.14055, 0.14153, 0.1446, 0.14662, 0.14975, 0.15127, 0.15357, 0.15511, 0.15692, 0.15875, 0.16081, 0.16216, 0.16324, 0.16417, 0.16539, 0.16636, 0.16716, 0.1676, 0.16828, 0.16857, 0.16888, 0.1694, 0.16956, 0.17044, 0.17072, 0.17027, 0.17063, 0.17039, 0.1706, 0.17032, 0.16975, 0.16979, 0.16975, 0.16995, 0.17011, 0.16993, 0.17032, 0.16987, 0.16962, 0.16937]
[0.00465, 0.00564, 0.00705, 0.00889, 0.0101, 0.01201, 0.01352, 0.01416, 0.01529, 0.02056, 0.02878, 0.04411, 0.06786, 0.09797, 0.12268, 0.13574, 0.13852, 0.14055, 0.14153, 0.1446, 0.14662, 0.14975, 0.15127, 0.15357, 0.15511, 0.15692, 0.15875, 0.16081, 0.16216, 0.16324, 0.16417, 0.16539, 0.16636, 0.16716, 0.1676, 0.16828, 0.16857, 0.16888, 0.1694, 0.16956, 0.17044, 0.17072, 0.17027, 0.17063, 0.17039, 0.1706, 0.17032, 0.16975, 0.16979, 0.16975, 0.16995, 0.17011, 0.16993, 0.17032, 0.16987, 0.16962, 0.16937, 0.16956]
[0.00465, 0.00564, 0.00705, 0.00889, 0.0101, 0.01201, 0.01352, 0.01416, 0.01529, 0.02056, 0.02878, 0.04411, 0.06786, 0.09797, 0.12268, 0.13574, 0.13852, 0.14055, 0.14153, 0.1446, 0.14662, 0.14975, 0.15127, 0.15357, 0.15511, 0.15692, 0.15875, 0.16081, 0.16216, 0.16324, 0.16417, 0.16539, 0.16636, 0.16716, 0.1676, 0.16828, 0.16857, 0.16888, 0.1694, 0.16956, 0.17044, 0.17072, 0.17027, 0.17063, 0.17039, 0.1706, 0.17032, 0.16975, 0.16979, 0.16975, 0.16995, 0.17011, 0.16993, 0.17032, 0.16987, 0.16962, 0.16937, 0.16956, 0.16886]
[0.00465, 0.00564, 0.00705, 0.00889, 0.0101, 0.01201, 0.01352, 0.01416, 0.01529, 0.02056, 0.02878, 0.04411, 0.06786, 0.09797, 0.12268, 0.13574, 0.13852, 0.14055, 0.14153, 0.1446, 0.14662, 0.14975, 0.15127, 0.15357, 0.15511, 0.15692, 0.15875, 0.16081, 0.16216, 0.16324, 0.16417, 0.16539, 0.16636, 0.16716, 0.1676, 0.16828, 0.16857, 0.16888, 0.1694, 0.16956, 0.17044, 0.17072, 0.17027, 0.17063, 0.17039, 0.1706, 0.17032, 0.16975, 0.16979, 0.16975, 0.16995, 0.17011, 0.16993, 0.17032, 0.16987, 0.16962, 0.16937, 0.16956, 0.16886, 0.16838]
[0.00465, 0.00564, 0.00705, 0.00889, 0.0101, 0.01201, 0.01352, 0.01416, 0.01529, 0.02056, 0.02878, 0.04411, 0.06786, 0.09797, 0.12268, 0.13574, 0.13852, 0.14055, 0.14153, 0.1446, 0.14662, 0.14975, 0.15127, 0.15357, 0.15511, 0.15692, 0.15875, 0.16081, 0.16216, 0.16324, 0.16417, 0.16539, 0.16636, 0.16716, 0.1676, 0.16828, 0.16857, 0.16888, 0.1694, 0.16956, 0.17044, 0.17072, 0.17027, 0.17063, 0.17039, 0.1706, 0.17032, 0.16975, 0.16979, 0.16975, 0.16995, 0.17011, 0.16993, 0.17032, 0.16987, 0.16962, 0.16937, 0.16956, 0.16886, 0.16838, 0.16865]
[0.00465, 0.00564, 0.00705, 0.00889, 0.0101, 0.01201, 0.01352, 0.01416, 0.01529, 0.02056, 0.02878, 0.04411, 0.06786, 0.09797, 0.12268, 0.13574, 0.13852, 0.14055, 0.14153, 0.1446, 0.14662, 0.14975, 0.15127, 0.15357, 0.15511, 0.15692, 0.15875, 0.16081, 0.16216, 0.16324, 0.16417, 0.16539, 0.16636, 0.16716, 0.1676, 0.16828, 0.16857, 0.16888, 0.1694, 0.16956, 0.17044, 0.17072, 0.17027, 0.17063, 0.17039, 0.1706, 0.17032, 0.16975, 0.16979, 0.16975, 0.16995, 0.17011, 0.16993, 0.17032, 0.16987, 0.16962, 0.16937, 0.16956, 0.16886, 0.16838, 0.16865, 0.16813]
[0.00465, 0.00564, 0.00705, 0.00889, 0.0101, 0.01201, 0.01352, 0.01416, 0.01529, 0.02056, 0.02878, 0.04411, 0.06786, 0.09797, 0.12268, 0.13574, 0.13852, 0.14055, 0.14153, 0.1446, 0.14662, 0.14975, 0.15127, 0.15357, 0.15511, 0.15692, 0.15875, 0.16081, 0.16216, 0.16324, 0.16417, 0.16539, 0.16636, 0.16716, 0.1676, 0.16828, 0.16857, 0.16888, 0.1694, 0.16956, 0.17044, 0.17072, 0.17027, 0.17063, 0.17039, 0.1706, 0.17032, 0.16975, 0.16979, 0.16975, 0.16995, 0.17011, 0.16993, 0.17032, 0.16987, 0.16962, 0.16937, 0.16956, 0.16886, 0.16838, 0.16865, 0.16813, 0.16773]
[0.00465, 0.00564, 0.00705, 0.00889, 0.0101, 0.01201, 0.01352, 0.01416, 0.01529, 0.02056, 0.02878, 0.04411, 0.06786, 0.09797, 0.12268, 0.13574, 0.13852, 0.14055, 0.14153, 0.1446, 0.14662, 0.14975, 0.15127, 0.15357, 0.15511, 0.15692, 0.15875, 0.16081, 0.16216, 0.16324, 0.16417, 0.16539, 0.16636, 0.16716, 0.1676, 0.16828, 0.16857, 0.16888, 0.1694, 0.16956, 0.17044, 0.17072, 0.17027, 0.17063, 0.17039, 0.1706, 0.17032, 0.16975, 0.16979, 0.16975, 0.16995, 0.17011, 0.16993, 0.17032, 0.16987, 0.16962, 0.16937, 0.16956, 0.16886, 0.16838, 0.16865, 0.16813, 0.16773, 0.16713]
[0.00465, 0.00564, 0.00705, 0.00889, 0.0101, 0.01201, 0.01352, 0.01416, 0.01529, 0.02056, 0.02878, 0.04411, 0.06786, 0.09797, 0.12268, 0.13574, 0.13852, 0.14055, 0.14153, 0.1446, 0.14662, 0.14975, 0.15127, 0.15357, 0.15511, 0.15692, 0.15875, 0.16081, 0.16216, 0.16324, 0.16417, 0.16539, 0.16636, 0.16716, 0.1676, 0.16828, 0.16857, 0.16888, 0.1694, 0.16956, 0.17044, 0.17072, 0.17027, 0.17063, 0.17039, 0.1706, 0.17032, 0.16975, 0.16979, 0.16975, 0.16995, 0.17011, 0.16993, 0.17032, 0.16987, 0.16962, 0.16937, 0.16956, 0.16886, 0.16838, 0.16865, 0.16813, 0.16773, 0.16713, 0.16682]
[0.00465, 0.00564, 0.00705, 0.00889, 0.0101, 0.01201, 0.01352, 0.01416, 0.01529, 0.02056, 0.02878, 0.04411, 0.06786, 0.09797, 0.12268, 0.13574, 0.13852, 0.14055, 0.14153, 0.1446, 0.14662, 0.14975, 0.15127, 0.15357, 0.15511, 0.15692, 0.15875, 0.16081, 0.16216, 0.16324, 0.16417, 0.16539, 0.16636, 0.16716, 0.1676, 0.16828, 0.16857, 0.16888, 0.1694, 0.16956, 0.17044, 0.17072, 0.17027, 0.17063, 0.17039, 0.1706, 0.17032, 0.16975, 0.16979, 0.16975, 0.16995, 0.17011, 0.16993, 0.17032, 0.16987, 0.16962, 0.16937, 0.16956, 0.16886, 0.16838, 0.16865, 0.16813, 0.16773, 0.16713, 0.16682, 0.16645]
[0.00465, 0.00564, 0.00705, 0.00889, 0.0101, 0.01201, 0.01352, 0.01416, 0.01529, 0.02056, 0.02878, 0.04411, 0.06786, 0.09797, 0.12268, 0.13574, 0.13852, 0.14055, 0.14153, 0.1446, 0.14662, 0.14975, 0.15127, 0.15357, 0.15511, 0.15692, 0.15875, 0.16081, 0.16216, 0.16324, 0.16417, 0.16539, 0.16636, 0.16716, 0.1676, 0.16828, 0.16857, 0.16888, 0.1694, 0.16956, 0.17044, 0.17072, 0.17027, 0.17063, 0.17039, 0.1706, 0.17032, 0.16975, 0.16979, 0.16975, 0.16995, 0.17011, 0.16993, 0.17032, 0.16987, 0.16962, 0.16937, 0.16956, 0.16886, 0.16838, 0.16865, 0.16813, 0.16773, 0.16713, 0.16682, 0.16645, 0.16585]
[0.00465, 0.00564, 0.00705, 0.00889, 0.0101, 0.01201, 0.01352, 0.01416, 0.01529, 0.02056, 0.02878, 0.04411, 0.06786, 0.09797, 0.12268, 0.13574, 0.13852, 0.14055, 0.14153, 0.1446, 0.14662, 0.14975, 0.15127, 0.15357, 0.15511, 0.15692, 0.15875, 0.16081, 0.16216, 0.16324, 0.16417, 0.16539, 0.16636, 0.16716, 0.1676, 0.16828, 0.16857, 0.16888, 0.1694, 0.16956, 0.17044, 0.17072, 0.17027, 0.17063, 0.17039, 0.1706, 0.17032, 0.16975, 0.16979, 0.16975, 0.16995, 0.17011, 0.16993, 0.17032, 0.16987, 0.16962, 0.16937, 0.16956, 0.16886, 0.16838, 0.16865, 0.16813, 0.16773, 0.16713, 0.16682, 0.16645, 0.16585, 0.16565]
[0.00465, 0.00564, 0.00705, 0.00889, 0.0101, 0.01201, 0.01352, 0.01416, 0.01529, 0.02056, 0.02878, 0.04411, 0.06786, 0.09797, 0.12268, 0.13574, 0.13852, 0.14055, 0.14153, 0.1446, 0.14662, 0.14975, 0.15127, 0.15357, 0.15511, 0.15692, 0.15875, 0.16081, 0.16216, 0.16324, 0.16417, 0.16539, 0.16636, 0.16716, 0.1676, 0.16828, 0.16857, 0.16888, 0.1694, 0.16956, 0.17044, 0.17072, 0.17027, 0.17063, 0.17039, 0.1706, 0.17032, 0.16975, 0.16979, 0.16975, 0.16995, 0.17011, 0.16993, 0.17032, 0.16987, 0.16962, 0.16937, 0.16956, 0.16886, 0.16838, 0.16865, 0.16813, 0.16773, 0.16713, 0.16682, 0.16645, 0.16585, 0.16565, 0.1652]
[0.00465, 0.00564, 0.00705, 0.00889, 0.0101, 0.01201, 0.01352, 0.01416, 0.01529, 0.02056, 0.02878, 0.04411, 0.06786, 0.09797, 0.12268, 0.13574, 0.13852, 0.14055, 0.14153, 0.1446, 0.14662, 0.14975, 0.15127, 0.15357, 0.15511, 0.15692, 0.15875, 0.16081, 0.16216, 0.16324, 0.16417, 0.16539, 0.16636, 0.16716, 0.1676, 0.16828, 0.16857, 0.16888, 0.1694, 0.16956, 0.17044, 0.17072, 0.17027, 0.17063, 0.17039, 0.1706, 0.17032, 0.16975, 0.16979, 0.16975, 0.16995, 0.17011, 0.16993, 0.17032, 0.16987, 0.16962, 0.16937, 0.16956, 0.16886, 0.16838, 0.16865, 0.16813, 0.16773, 0.16713, 0.16682, 0.16645, 0.16585, 0.16565, 0.1652, 0.16503]
[0.00465, 0.00564, 0.00705, 0.00889, 0.0101, 0.01201, 0.01352, 0.01416, 0.01529, 0.02056, 0.02878, 0.04411, 0.06786, 0.09797, 0.12268, 0.13574, 0.13852, 0.14055, 0.14153, 0.1446, 0.14662, 0.14975, 0.15127, 0.15357, 0.15511, 0.15692, 0.15875, 0.16081, 0.16216, 0.16324, 0.16417, 0.16539, 0.16636, 0.16716, 0.1676, 0.16828, 0.16857, 0.16888, 0.1694, 0.16956, 0.17044, 0.17072, 0.17027, 0.17063, 0.17039, 0.1706, 0.17032, 0.16975, 0.16979, 0.16975, 0.16995, 0.17011, 0.16993, 0.17032, 0.16987, 0.16962, 0.16937, 0.16956, 0.16886, 0.16838, 0.16865, 0.16813, 0.16773, 0.16713, 0.16682, 0.16645, 0.16585, 0.16565, 0.1652, 0.16503, 0.16456]
[0.00465, 0.00564, 0.00705, 0.00889, 0.0101, 0.01201, 0.01352, 0.01416, 0.01529, 0.02056, 0.02878, 0.04411, 0.06786, 0.09797, 0.12268, 0.13574, 0.13852, 0.14055, 0.14153, 0.1446, 0.14662, 0.14975, 0.15127, 0.15357, 0.15511, 0.15692, 0.15875, 0.16081, 0.16216, 0.16324, 0.16417, 0.16539, 0.16636, 0.16716, 0.1676, 0.16828, 0.16857, 0.16888, 0.1694, 0.16956, 0.17044, 0.17072, 0.17027, 0.17063, 0.17039, 0.1706, 0.17032, 0.16975, 0.16979, 0.16975, 0.16995, 0.17011, 0.16993, 0.17032, 0.16987, 0.16962, 0.16937, 0.16956, 0.16886, 0.16838, 0.16865, 0.16813, 0.16773, 0.16713, 0.16682, 0.16645, 0.16585, 0.16565, 0.1652, 0.16503, 0.16456, 0.16422]
[0.00465, 0.00564, 0.00705, 0.00889, 0.0101, 0.01201, 0.01352, 0.01416, 0.01529, 0.02056, 0.02878, 0.04411, 0.06786, 0.09797, 0.12268, 0.13574, 0.13852, 0.14055, 0.14153, 0.1446, 0.14662, 0.14975, 0.15127, 0.15357, 0.15511, 0.15692, 0.15875, 0.16081, 0.16216, 0.16324, 0.16417, 0.16539, 0.16636, 0.16716, 0.1676, 0.16828, 0.16857, 0.16888, 0.1694, 0.16956, 0.17044, 0.17072, 0.17027, 0.17063, 0.17039, 0.1706, 0.17032, 0.16975, 0.16979, 0.16975, 0.16995, 0.17011, 0.16993, 0.17032, 0.16987, 0.16962, 0.16937, 0.16956, 0.16886, 0.16838, 0.16865, 0.16813, 0.16773, 0.16713, 0.16682, 0.16645, 0.16585, 0.16565, 0.1652, 0.16503, 0.16456, 0.16422, 0.16386]
[0.00465, 0.00564, 0.00705, 0.00889, 0.0101, 0.01201, 0.01352, 0.01416, 0.01529, 0.02056, 0.02878, 0.04411, 0.06786, 0.09797, 0.12268, 0.13574, 0.13852, 0.14055, 0.14153, 0.1446, 0.14662, 0.14975, 0.15127, 0.15357, 0.15511, 0.15692, 0.15875, 0.16081, 0.16216, 0.16324, 0.16417, 0.16539, 0.16636, 0.16716, 0.1676, 0.16828, 0.16857, 0.16888, 0.1694, 0.16956, 0.17044, 0.17072, 0.17027, 0.17063, 0.17039, 0.1706, 0.17032, 0.16975, 0.16979, 0.16975, 0.16995, 0.17011, 0.16993, 0.17032, 0.16987, 0.16962, 0.16937, 0.16956, 0.16886, 0.16838, 0.16865, 0.16813, 0.16773, 0.16713, 0.16682, 0.16645, 0.16585, 0.16565, 0.1652, 0.16503, 0.16456, 0.16422, 0.16386, 0.1631]
[0.00465, 0.00564, 0.00705, 0.00889, 0.0101, 0.01201, 0.01352, 0.01416, 0.01529, 0.02056, 0.02878, 0.04411, 0.06786, 0.09797, 0.12268, 0.13574, 0.13852, 0.14055, 0.14153, 0.1446, 0.14662, 0.14975, 0.15127, 0.15357, 0.15511, 0.15692, 0.15875, 0.16081, 0.16216, 0.16324, 0.16417, 0.16539, 0.16636, 0.16716, 0.1676, 0.16828, 0.16857, 0.16888, 0.1694, 0.16956, 0.17044, 0.17072, 0.17027, 0.17063, 0.17039, 0.1706, 0.17032, 0.16975, 0.16979, 0.16975, 0.16995, 0.17011, 0.16993, 0.17032, 0.16987, 0.16962, 0.16937, 0.16956, 0.16886, 0.16838, 0.16865, 0.16813, 0.16773, 0.16713, 0.16682, 0.16645, 0.16585, 0.16565, 0.1652, 0.16503, 0.16456, 0.16422, 0.16386, 0.1631, 0.16269]
[0.00465, 0.00564, 0.00705, 0.00889, 0.0101, 0.01201, 0.01352, 0.01416, 0.01529, 0.02056, 0.02878, 0.04411, 0.06786, 0.09797, 0.12268, 0.13574, 0.13852, 0.14055, 0.14153, 0.1446, 0.14662, 0.14975, 0.15127, 0.15357, 0.15511, 0.15692, 0.15875, 0.16081, 0.16216, 0.16324, 0.16417, 0.16539, 0.16636, 0.16716, 0.1676, 0.16828, 0.16857, 0.16888, 0.1694, 0.16956, 0.17044, 0.17072, 0.17027, 0.17063, 0.17039, 0.1706, 0.17032, 0.16975, 0.16979, 0.16975, 0.16995, 0.17011, 0.16993, 0.17032, 0.16987, 0.16962, 0.16937, 0.16956, 0.16886, 0.16838, 0.16865, 0.16813, 0.16773, 0.16713, 0.16682, 0.16645, 0.16585, 0.16565, 0.1652, 0.16503, 0.16456, 0.16422, 0.16386, 0.1631, 0.16269, 0.16206]
[0.00465, 0.00564, 0.00705, 0.00889, 0.0101, 0.01201, 0.01352, 0.01416, 0.01529, 0.02056, 0.02878, 0.04411, 0.06786, 0.09797, 0.12268, 0.13574, 0.13852, 0.14055, 0.14153, 0.1446, 0.14662, 0.14975, 0.15127, 0.15357, 0.15511, 0.15692, 0.15875, 0.16081, 0.16216, 0.16324, 0.16417, 0.16539, 0.16636, 0.16716, 0.1676, 0.16828, 0.16857, 0.16888, 0.1694, 0.16956, 0.17044, 0.17072, 0.17027, 0.17063, 0.17039, 0.1706, 0.17032, 0.16975, 0.16979, 0.16975, 0.16995, 0.17011, 0.16993, 0.17032, 0.16987, 0.16962, 0.16937, 0.16956, 0.16886, 0.16838, 0.16865, 0.16813, 0.16773, 0.16713, 0.16682, 0.16645, 0.16585, 0.16565, 0.1652, 0.16503, 0.16456, 0.16422, 0.16386, 0.1631, 0.16269, 0.16206, 0.16141]
[0.00465, 0.00564, 0.00705, 0.00889, 0.0101, 0.01201, 0.01352, 0.01416, 0.01529, 0.02056, 0.02878, 0.04411, 0.06786, 0.09797, 0.12268, 0.13574, 0.13852, 0.14055, 0.14153, 0.1446, 0.14662, 0.14975, 0.15127, 0.15357, 0.15511, 0.15692, 0.15875, 0.16081, 0.16216, 0.16324, 0.16417, 0.16539, 0.16636, 0.16716, 0.1676, 0.16828, 0.16857, 0.16888, 0.1694, 0.16956, 0.17044, 0.17072, 0.17027, 0.17063, 0.17039, 0.1706, 0.17032, 0.16975, 0.16979, 0.16975, 0.16995, 0.17011, 0.16993, 0.17032, 0.16987, 0.16962, 0.16937, 0.16956, 0.16886, 0.16838, 0.16865, 0.16813, 0.16773, 0.16713, 0.16682, 0.16645, 0.16585, 0.16565, 0.1652, 0.16503, 0.16456, 0.16422, 0.16386, 0.1631, 0.16269, 0.16206, 0.16141, 0.16091]
[0.00465, 0.00564, 0.00705, 0.00889, 0.0101, 0.01201, 0.01352, 0.01416, 0.01529, 0.02056, 0.02878, 0.04411, 0.06786, 0.09797, 0.12268, 0.13574, 0.13852, 0.14055, 0.14153, 0.1446, 0.14662, 0.14975, 0.15127, 0.15357, 0.15511, 0.15692, 0.15875, 0.16081, 0.16216, 0.16324, 0.16417, 0.16539, 0.16636, 0.16716, 0.1676, 0.16828, 0.16857, 0.16888, 0.1694, 0.16956, 0.17044, 0.17072, 0.17027, 0.17063, 0.17039, 0.1706, 0.17032, 0.16975, 0.16979, 0.16975, 0.16995, 0.17011, 0.16993, 0.17032, 0.16987, 0.16962, 0.16937, 0.16956, 0.16886, 0.16838, 0.16865, 0.16813, 0.16773, 0.16713, 0.16682, 0.16645, 0.16585, 0.16565, 0.1652, 0.16503, 0.16456, 0.16422, 0.16386, 0.1631, 0.16269, 0.16206, 0.16141, 0.16091, 0.16047]
[0.00465, 0.00564, 0.00705, 0.00889, 0.0101, 0.01201, 0.01352, 0.01416, 0.01529, 0.02056, 0.02878, 0.04411, 0.06786, 0.09797, 0.12268, 0.13574, 0.13852, 0.14055, 0.14153, 0.1446, 0.14662, 0.14975, 0.15127, 0.15357, 0.15511, 0.15692, 0.15875, 0.16081, 0.16216, 0.16324, 0.16417, 0.16539, 0.16636, 0.16716, 0.1676, 0.16828, 0.16857, 0.16888, 0.1694, 0.16956, 0.17044, 0.17072, 0.17027, 0.17063, 0.17039, 0.1706, 0.17032, 0.16975, 0.16979, 0.16975, 0.16995, 0.17011, 0.16993, 0.17032, 0.16987, 0.16962, 0.16937, 0.16956, 0.16886, 0.16838, 0.16865, 0.16813, 0.16773, 0.16713, 0.16682, 0.16645, 0.16585, 0.16565, 0.1652, 0.16503, 0.16456, 0.16422, 0.16386, 0.1631, 0.16269, 0.16206, 0.16141, 0.16091, 0.16047, 0.15937]
[0.00465, 0.00564, 0.00705, 0.00889, 0.0101, 0.01201, 0.01352, 0.01416, 0.01529, 0.02056, 0.02878, 0.04411, 0.06786, 0.09797, 0.12268, 0.13574, 0.13852, 0.14055, 0.14153, 0.1446, 0.14662, 0.14975, 0.15127, 0.15357, 0.15511, 0.15692, 0.15875, 0.16081, 0.16216, 0.16324, 0.16417, 0.16539, 0.16636, 0.16716, 0.1676, 0.16828, 0.16857, 0.16888, 0.1694, 0.16956, 0.17044, 0.17072, 0.17027, 0.17063, 0.17039, 0.1706, 0.17032, 0.16975, 0.16979, 0.16975, 0.16995, 0.17011, 0.16993, 0.17032, 0.16987, 0.16962, 0.16937, 0.16956, 0.16886, 0.16838, 0.16865, 0.16813, 0.16773, 0.16713, 0.16682, 0.16645, 0.16585, 0.16565, 0.1652, 0.16503, 0.16456, 0.16422, 0.16386, 0.1631, 0.16269, 0.16206, 0.16141, 0.16091, 0.16047, 0.15937, 0.15861]
[0.00465, 0.00564, 0.00705, 0.00889, 0.0101, 0.01201, 0.01352, 0.01416, 0.01529, 0.02056, 0.02878, 0.04411, 0.06786, 0.09797, 0.12268, 0.13574, 0.13852, 0.14055, 0.14153, 0.1446, 0.14662, 0.14975, 0.15127, 0.15357, 0.15511, 0.15692, 0.15875, 0.16081, 0.16216, 0.16324, 0.16417, 0.16539, 0.16636, 0.16716, 0.1676, 0.16828, 0.16857, 0.16888, 0.1694, 0.16956, 0.17044, 0.17072, 0.17027, 0.17063, 0.17039, 0.1706, 0.17032, 0.16975, 0.16979, 0.16975, 0.16995, 0.17011, 0.16993, 0.17032, 0.16987, 0.16962, 0.16937, 0.16956, 0.16886, 0.16838, 0.16865, 0.16813, 0.16773, 0.16713, 0.16682, 0.16645, 0.16585, 0.16565, 0.1652, 0.16503, 0.16456, 0.16422, 0.16386, 0.1631, 0.16269, 0.16206, 0.16141, 0.16091, 0.16047, 0.15937, 0.15861, 0.15823]
[0.00465, 0.00564, 0.00705, 0.00889, 0.0101, 0.01201, 0.01352, 0.01416, 0.01529, 0.02056, 0.02878, 0.04411, 0.06786, 0.09797, 0.12268, 0.13574, 0.13852, 0.14055, 0.14153, 0.1446, 0.14662, 0.14975, 0.15127, 0.15357, 0.15511, 0.15692, 0.15875, 0.16081, 0.16216, 0.16324, 0.16417, 0.16539, 0.16636, 0.16716, 0.1676, 0.16828, 0.16857, 0.16888, 0.1694, 0.16956, 0.17044, 0.17072, 0.17027, 0.17063, 0.17039, 0.1706, 0.17032, 0.16975, 0.16979, 0.16975, 0.16995, 0.17011, 0.16993, 0.17032, 0.16987, 0.16962, 0.16937, 0.16956, 0.16886, 0.16838, 0.16865, 0.16813, 0.16773, 0.16713, 0.16682, 0.16645, 0.16585, 0.16565, 0.1652, 0.16503, 0.16456, 0.16422, 0.16386, 0.1631, 0.16269, 0.16206, 0.16141, 0.16091, 0.16047, 0.15937, 0.15861, 0.15823, 0.15764]
[0.00465, 0.00564, 0.00705, 0.00889, 0.0101, 0.01201, 0.01352, 0.01416, 0.01529, 0.02056, 0.02878, 0.04411, 0.06786, 0.09797, 0.12268, 0.13574, 0.13852, 0.14055, 0.14153, 0.1446, 0.14662, 0.14975, 0.15127, 0.15357, 0.15511, 0.15692, 0.15875, 0.16081, 0.16216, 0.16324, 0.16417, 0.16539, 0.16636, 0.16716, 0.1676, 0.16828, 0.16857, 0.16888, 0.1694, 0.16956, 0.17044, 0.17072, 0.17027, 0.17063, 0.17039, 0.1706, 0.17032, 0.16975, 0.16979, 0.16975, 0.16995, 0.17011, 0.16993, 0.17032, 0.16987, 0.16962, 0.16937, 0.16956, 0.16886, 0.16838, 0.16865, 0.16813, 0.16773, 0.16713, 0.16682, 0.16645, 0.16585, 0.16565, 0.1652, 0.16503, 0.16456, 0.16422, 0.16386, 0.1631, 0.16269, 0.16206, 0.16141, 0.16091, 0.16047, 0.15937, 0.15861, 0.15823, 0.15764, 0.15719]
[0.00465, 0.00564, 0.00705, 0.00889, 0.0101, 0.01201, 0.01352, 0.01416, 0.01529, 0.02056, 0.02878, 0.04411, 0.06786, 0.09797, 0.12268, 0.13574, 0.13852, 0.14055, 0.14153, 0.1446, 0.14662, 0.14975, 0.15127, 0.15357, 0.15511, 0.15692, 0.15875, 0.16081, 0.16216, 0.16324, 0.16417, 0.16539, 0.16636, 0.16716, 0.1676, 0.16828, 0.16857, 0.16888, 0.1694, 0.16956, 0.17044, 0.17072, 0.17027, 0.17063, 0.17039, 0.1706, 0.17032, 0.16975, 0.16979, 0.16975, 0.16995, 0.17011, 0.16993, 0.17032, 0.16987, 0.16962, 0.16937, 0.16956, 0.16886, 0.16838, 0.16865, 0.16813, 0.16773, 0.16713, 0.16682, 0.16645, 0.16585, 0.16565, 0.1652, 0.16503, 0.16456, 0.16422, 0.16386, 0.1631, 0.16269, 0.16206, 0.16141, 0.16091, 0.16047, 0.15937, 0.15861, 0.15823, 0.15764, 0.15719, 0.15661]
[0.00465, 0.00564, 0.00705, 0.00889, 0.0101, 0.01201, 0.01352, 0.01416, 0.01529, 0.02056, 0.02878, 0.04411, 0.06786, 0.09797, 0.12268, 0.13574, 0.13852, 0.14055, 0.14153, 0.1446, 0.14662, 0.14975, 0.15127, 0.15357, 0.15511, 0.15692, 0.15875, 0.16081, 0.16216, 0.16324, 0.16417, 0.16539, 0.16636, 0.16716, 0.1676, 0.16828, 0.16857, 0.16888, 0.1694, 0.16956, 0.17044, 0.17072, 0.17027, 0.17063, 0.17039, 0.1706, 0.17032, 0.16975, 0.16979, 0.16975, 0.16995, 0.17011, 0.16993, 0.17032, 0.16987, 0.16962, 0.16937, 0.16956, 0.16886, 0.16838, 0.16865, 0.16813, 0.16773, 0.16713, 0.16682, 0.16645, 0.16585, 0.16565, 0.1652, 0.16503, 0.16456, 0.16422, 0.16386, 0.1631, 0.16269, 0.16206, 0.16141, 0.16091, 0.16047, 0.15937, 0.15861, 0.15823, 0.15764, 0.15719, 0.15661, 0.15571]
[0.00465, 0.00564, 0.00705, 0.00889, 0.0101, 0.01201, 0.01352, 0.01416, 0.01529, 0.02056, 0.02878, 0.04411, 0.06786, 0.09797, 0.12268, 0.13574, 0.13852, 0.14055, 0.14153, 0.1446, 0.14662, 0.14975, 0.15127, 0.15357, 0.15511, 0.15692, 0.15875, 0.16081, 0.16216, 0.16324, 0.16417, 0.16539, 0.16636, 0.16716, 0.1676, 0.16828, 0.16857, 0.16888, 0.1694, 0.16956, 0.17044, 0.17072, 0.17027, 0.17063, 0.17039, 0.1706, 0.17032, 0.16975, 0.16979, 0.16975, 0.16995, 0.17011, 0.16993, 0.17032, 0.16987, 0.16962, 0.16937, 0.16956, 0.16886, 0.16838, 0.16865, 0.16813, 0.16773, 0.16713, 0.16682, 0.16645, 0.16585, 0.16565, 0.1652, 0.16503, 0.16456, 0.16422, 0.16386, 0.1631, 0.16269, 0.16206, 0.16141, 0.16091, 0.16047, 0.15937, 0.15861, 0.15823, 0.15764, 0.15719, 0.15661, 0.15571, 0.15484]
[0.00465, 0.00564, 0.00705, 0.00889, 0.0101, 0.01201, 0.01352, 0.01416, 0.01529, 0.02056, 0.02878, 0.04411, 0.06786, 0.09797, 0.12268, 0.13574, 0.13852, 0.14055, 0.14153, 0.1446, 0.14662, 0.14975, 0.15127, 0.15357, 0.15511, 0.15692, 0.15875, 0.16081, 0.16216, 0.16324, 0.16417, 0.16539, 0.16636, 0.16716, 0.1676, 0.16828, 0.16857, 0.16888, 0.1694, 0.16956, 0.17044, 0.17072, 0.17027, 0.17063, 0.17039, 0.1706, 0.17032, 0.16975, 0.16979, 0.16975, 0.16995, 0.17011, 0.16993, 0.17032, 0.16987, 0.16962, 0.16937, 0.16956, 0.16886, 0.16838, 0.16865, 0.16813, 0.16773, 0.16713, 0.16682, 0.16645, 0.16585, 0.16565, 0.1652, 0.16503, 0.16456, 0.16422, 0.16386, 0.1631, 0.16269, 0.16206, 0.16141, 0.16091, 0.16047, 0.15937, 0.15861, 0.15823, 0.15764, 0.15719, 0.15661, 0.15571, 0.15484, 0.15407]
[0.00465, 0.00564, 0.00705, 0.00889, 0.0101, 0.01201, 0.01352, 0.01416, 0.01529, 0.02056, 0.02878, 0.04411, 0.06786, 0.09797, 0.12268, 0.13574, 0.13852, 0.14055, 0.14153, 0.1446, 0.14662, 0.14975, 0.15127, 0.15357, 0.15511, 0.15692, 0.15875, 0.16081, 0.16216, 0.16324, 0.16417, 0.16539, 0.16636, 0.16716, 0.1676, 0.16828, 0.16857, 0.16888, 0.1694, 0.16956, 0.17044, 0.17072, 0.17027, 0.17063, 0.17039, 0.1706, 0.17032, 0.16975, 0.16979, 0.16975, 0.16995, 0.17011, 0.16993, 0.17032, 0.16987, 0.16962, 0.16937, 0.16956, 0.16886, 0.16838, 0.16865, 0.16813, 0.16773, 0.16713, 0.16682, 0.16645, 0.16585, 0.16565, 0.1652, 0.16503, 0.16456, 0.16422, 0.16386, 0.1631, 0.16269, 0.16206, 0.16141, 0.16091, 0.16047, 0.15937, 0.15861, 0.15823, 0.15764, 0.15719, 0.15661, 0.15571, 0.15484, 0.15407, 0.15316]
[0.00465, 0.00564, 0.00705, 0.00889, 0.0101, 0.01201, 0.01352, 0.01416, 0.01529, 0.02056, 0.02878, 0.04411, 0.06786, 0.09797, 0.12268, 0.13574, 0.13852, 0.14055, 0.14153, 0.1446, 0.14662, 0.14975, 0.15127, 0.15357, 0.15511, 0.15692, 0.15875, 0.16081, 0.16216, 0.16324, 0.16417, 0.16539, 0.16636, 0.16716, 0.1676, 0.16828, 0.16857, 0.16888, 0.1694, 0.16956, 0.17044, 0.17072, 0.17027, 0.17063, 0.17039, 0.1706, 0.17032, 0.16975, 0.16979, 0.16975, 0.16995, 0.17011, 0.16993, 0.17032, 0.16987, 0.16962, 0.16937, 0.16956, 0.16886, 0.16838, 0.16865, 0.16813, 0.16773, 0.16713, 0.16682, 0.16645, 0.16585, 0.16565, 0.1652, 0.16503, 0.16456, 0.16422, 0.16386, 0.1631, 0.16269, 0.16206, 0.16141, 0.16091, 0.16047, 0.15937, 0.15861, 0.15823, 0.15764, 0.15719, 0.15661, 0.15571, 0.15484, 0.15407, 0.15316, 0.15269]
[0.00465, 0.00564, 0.00705, 0.00889, 0.0101, 0.01201, 0.01352, 0.01416, 0.01529, 0.02056, 0.02878, 0.04411, 0.06786, 0.09797, 0.12268, 0.13574, 0.13852, 0.14055, 0.14153, 0.1446, 0.14662, 0.14975, 0.15127, 0.15357, 0.15511, 0.15692, 0.15875, 0.16081, 0.16216, 0.16324, 0.16417, 0.16539, 0.16636, 0.16716, 0.1676, 0.16828, 0.16857, 0.16888, 0.1694, 0.16956, 0.17044, 0.17072, 0.17027, 0.17063, 0.17039, 0.1706, 0.17032, 0.16975, 0.16979, 0.16975, 0.16995, 0.17011, 0.16993, 0.17032, 0.16987, 0.16962, 0.16937, 0.16956, 0.16886, 0.16838, 0.16865, 0.16813, 0.16773, 0.16713, 0.16682, 0.16645, 0.16585, 0.16565, 0.1652, 0.16503, 0.16456, 0.16422, 0.16386, 0.1631, 0.16269, 0.16206, 0.16141, 0.16091, 0.16047, 0.15937, 0.15861, 0.15823, 0.15764, 0.15719, 0.15661, 0.15571, 0.15484, 0.15407, 0.15316, 0.15269, 0.15198]
[0.00465, 0.00564, 0.00705, 0.00889, 0.0101, 0.01201, 0.01352, 0.01416, 0.01529, 0.02056, 0.02878, 0.04411, 0.06786, 0.09797, 0.12268, 0.13574, 0.13852, 0.14055, 0.14153, 0.1446, 0.14662, 0.14975, 0.15127, 0.15357, 0.15511, 0.15692, 0.15875, 0.16081, 0.16216, 0.16324, 0.16417, 0.16539, 0.16636, 0.16716, 0.1676, 0.16828, 0.16857, 0.16888, 0.1694, 0.16956, 0.17044, 0.17072, 0.17027, 0.17063, 0.17039, 0.1706, 0.17032, 0.16975, 0.16979, 0.16975, 0.16995, 0.17011, 0.16993, 0.17032, 0.16987, 0.16962, 0.16937, 0.16956, 0.16886, 0.16838, 0.16865, 0.16813, 0.16773, 0.16713, 0.16682, 0.16645, 0.16585, 0.16565, 0.1652, 0.16503, 0.16456, 0.16422, 0.16386, 0.1631, 0.16269, 0.16206, 0.16141, 0.16091, 0.16047, 0.15937, 0.15861, 0.15823, 0.15764, 0.15719, 0.15661, 0.15571, 0.15484, 0.15407, 0.15316, 0.15269, 0.15198, 0.15124]
[0.00465, 0.00564, 0.00705, 0.00889, 0.0101, 0.01201, 0.01352, 0.01416, 0.01529, 0.02056, 0.02878, 0.04411, 0.06786, 0.09797, 0.12268, 0.13574, 0.13852, 0.14055, 0.14153, 0.1446, 0.14662, 0.14975, 0.15127, 0.15357, 0.15511, 0.15692, 0.15875, 0.16081, 0.16216, 0.16324, 0.16417, 0.16539, 0.16636, 0.16716, 0.1676, 0.16828, 0.16857, 0.16888, 0.1694, 0.16956, 0.17044, 0.17072, 0.17027, 0.17063, 0.17039, 0.1706, 0.17032, 0.16975, 0.16979, 0.16975, 0.16995, 0.17011, 0.16993, 0.17032, 0.16987, 0.16962, 0.16937, 0.16956, 0.16886, 0.16838, 0.16865, 0.16813, 0.16773, 0.16713, 0.16682, 0.16645, 0.16585, 0.16565, 0.1652, 0.16503, 0.16456, 0.16422, 0.16386, 0.1631, 0.16269, 0.16206, 0.16141, 0.16091, 0.16047, 0.15937, 0.15861, 0.15823, 0.15764, 0.15719, 0.15661, 0.15571, 0.15484, 0.15407, 0.15316, 0.15269, 0.15198, 0.15124, 0.15003]
[0.00465, 0.00564, 0.00705, 0.00889, 0.0101, 0.01201, 0.01352, 0.01416, 0.01529, 0.02056, 0.02878, 0.04411, 0.06786, 0.09797, 0.12268, 0.13574, 0.13852, 0.14055, 0.14153, 0.1446, 0.14662, 0.14975, 0.15127, 0.15357, 0.15511, 0.15692, 0.15875, 0.16081, 0.16216, 0.16324, 0.16417, 0.16539, 0.16636, 0.16716, 0.1676, 0.16828, 0.16857, 0.16888, 0.1694, 0.16956, 0.17044, 0.17072, 0.17027, 0.17063, 0.17039, 0.1706, 0.17032, 0.16975, 0.16979, 0.16975, 0.16995, 0.17011, 0.16993, 0.17032, 0.16987, 0.16962, 0.16937, 0.16956, 0.16886, 0.16838, 0.16865, 0.16813, 0.16773, 0.16713, 0.16682, 0.16645, 0.16585, 0.16565, 0.1652, 0.16503, 0.16456, 0.16422, 0.16386, 0.1631, 0.16269, 0.16206, 0.16141, 0.16091, 0.16047, 0.15937, 0.15861, 0.15823, 0.15764, 0.15719, 0.15661, 0.15571, 0.15484, 0.15407, 0.15316, 0.15269, 0.15198, 0.15124, 0.15003, 0.14936]
[0.00465, 0.00564, 0.00705, 0.00889, 0.0101, 0.01201, 0.01352, 0.01416, 0.01529, 0.02056, 0.02878, 0.04411, 0.06786, 0.09797, 0.12268, 0.13574, 0.13852, 0.14055, 0.14153, 0.1446, 0.14662, 0.14975, 0.15127, 0.15357, 0.15511, 0.15692, 0.15875, 0.16081, 0.16216, 0.16324, 0.16417, 0.16539, 0.16636, 0.16716, 0.1676, 0.16828, 0.16857, 0.16888, 0.1694, 0.16956, 0.17044, 0.17072, 0.17027, 0.17063, 0.17039, 0.1706, 0.17032, 0.16975, 0.16979, 0.16975, 0.16995, 0.17011, 0.16993, 0.17032, 0.16987, 0.16962, 0.16937, 0.16956, 0.16886, 0.16838, 0.16865, 0.16813, 0.16773, 0.16713, 0.16682, 0.16645, 0.16585, 0.16565, 0.1652, 0.16503, 0.16456, 0.16422, 0.16386, 0.1631, 0.16269, 0.16206, 0.16141, 0.16091, 0.16047, 0.15937, 0.15861, 0.15823, 0.15764, 0.15719, 0.15661, 0.15571, 0.15484, 0.15407, 0.15316, 0.15269, 0.15198, 0.15124, 0.15003, 0.14936, 0.14854]
