[0.00541]
[0.00541, 0.00636]
[0.00541, 0.00636, 0.00721]
[0.00541, 0.00636, 0.00721, 0.00853]
[0.00541, 0.00636, 0.00721, 0.00853, 0.01015]
[0.00541, 0.00636, 0.00721, 0.00853, 0.01015, 0.01186]
[0.00541, 0.00636, 0.00721, 0.00853, 0.01015, 0.01186, 0.01339]
[0.00541, 0.00636, 0.00721, 0.00853, 0.01015, 0.01186, 0.01339, 0.01448]
[0.00541, 0.00636, 0.00721, 0.00853, 0.01015, 0.01186, 0.01339, 0.01448, 0.01634]
[0.00541, 0.00636, 0.00721, 0.00853, 0.01015, 0.01186, 0.01339, 0.01448, 0.01634, 0.0201]
[0.00541, 0.00636, 0.00721, 0.00853, 0.01015, 0.01186, 0.01339, 0.01448, 0.01634, 0.0201, 0.02838]
[0.00541, 0.00636, 0.00721, 0.00853, 0.01015, 0.01186, 0.01339, 0.01448, 0.01634, 0.0201, 0.02838, 0.04438]
[0.00541, 0.00636, 0.00721, 0.00853, 0.01015, 0.01186, 0.01339, 0.01448, 0.01634, 0.0201, 0.02838, 0.04438, 0.06891]
[0.00541, 0.00636, 0.00721, 0.00853, 0.01015, 0.01186, 0.01339, 0.01448, 0.01634, 0.0201, 0.02838, 0.04438, 0.06891, 0.10058]
[0.00541, 0.00636, 0.00721, 0.00853, 0.01015, 0.01186, 0.01339, 0.01448, 0.01634, 0.0201, 0.02838, 0.04438, 0.06891, 0.10058, 0.1231]
[0.00541, 0.00636, 0.00721, 0.00853, 0.01015, 0.01186, 0.01339, 0.01448, 0.01634, 0.0201, 0.02838, 0.04438, 0.06891, 0.10058, 0.1231, 0.1347]
[0.00541, 0.00636, 0.00721, 0.00853, 0.01015, 0.01186, 0.01339, 0.01448, 0.01634, 0.0201, 0.02838, 0.04438, 0.06891, 0.10058, 0.1231, 0.1347, 0.13838]
[0.00541, 0.00636, 0.00721, 0.00853, 0.01015, 0.01186, 0.01339, 0.01448, 0.01634, 0.0201, 0.02838, 0.04438, 0.06891, 0.10058, 0.1231, 0.1347, 0.13838, 0.14052]
[0.00541, 0.00636, 0.00721, 0.00853, 0.01015, 0.01186, 0.01339, 0.01448, 0.01634, 0.0201, 0.02838, 0.04438, 0.06891, 0.10058, 0.1231, 0.1347, 0.13838, 0.14052, 0.14238]
[0.00541, 0.00636, 0.00721, 0.00853, 0.01015, 0.01186, 0.01339, 0.01448, 0.01634, 0.0201, 0.02838, 0.04438, 0.06891, 0.10058, 0.1231, 0.1347, 0.13838, 0.14052, 0.14238, 0.14402]
[0.00541, 0.00636, 0.00721, 0.00853, 0.01015, 0.01186, 0.01339, 0.01448, 0.01634, 0.0201, 0.02838, 0.04438, 0.06891, 0.10058, 0.1231, 0.1347, 0.13838, 0.14052, 0.14238, 0.14402, 0.14641]
[0.00541, 0.00636, 0.00721, 0.00853, 0.01015, 0.01186, 0.01339, 0.01448, 0.01634, 0.0201, 0.02838, 0.04438, 0.06891, 0.10058, 0.1231, 0.1347, 0.13838, 0.14052, 0.14238, 0.14402, 0.14641, 0.14888]
[0.00541, 0.00636, 0.00721, 0.00853, 0.01015, 0.01186, 0.01339, 0.01448, 0.01634, 0.0201, 0.02838, 0.04438, 0.06891, 0.10058, 0.1231, 0.1347, 0.13838, 0.14052, 0.14238, 0.14402, 0.14641, 0.14888, 0.15094]
[0.00541, 0.00636, 0.00721, 0.00853, 0.01015, 0.01186, 0.01339, 0.01448, 0.01634, 0.0201, 0.02838, 0.04438, 0.06891, 0.10058, 0.1231, 0.1347, 0.13838, 0.14052, 0.14238, 0.14402, 0.14641, 0.14888, 0.15094, 0.15256]
[0.00541, 0.00636, 0.00721, 0.00853, 0.01015, 0.01186, 0.01339, 0.01448, 0.01634, 0.0201, 0.02838, 0.04438, 0.06891, 0.10058, 0.1231, 0.1347, 0.13838, 0.14052, 0.14238, 0.14402, 0.14641, 0.14888, 0.15094, 0.15256, 0.15441]
[0.00541, 0.00636, 0.00721, 0.00853, 0.01015, 0.01186, 0.01339, 0.01448, 0.01634, 0.0201, 0.02838, 0.04438, 0.06891, 0.10058, 0.1231, 0.1347, 0.13838, 0.14052, 0.14238, 0.14402, 0.14641, 0.14888, 0.15094, 0.15256, 0.15441, 0.15683]
[0.00541, 0.00636, 0.00721, 0.00853, 0.01015, 0.01186, 0.01339, 0.01448, 0.01634, 0.0201, 0.02838, 0.04438, 0.06891, 0.10058, 0.1231, 0.1347, 0.13838, 0.14052, 0.14238, 0.14402, 0.14641, 0.14888, 0.15094, 0.15256, 0.15441, 0.15683, 0.15865]
[0.00541, 0.00636, 0.00721, 0.00853, 0.01015, 0.01186, 0.01339, 0.01448, 0.01634, 0.0201, 0.02838, 0.04438, 0.06891, 0.10058, 0.1231, 0.1347, 0.13838, 0.14052, 0.14238, 0.14402, 0.14641, 0.14888, 0.15094, 0.15256, 0.15441, 0.15683, 0.15865, 0.16078]
[0.00541, 0.00636, 0.00721, 0.00853, 0.01015, 0.01186, 0.01339, 0.01448, 0.01634, 0.0201, 0.02838, 0.04438, 0.06891, 0.10058, 0.1231, 0.1347, 0.13838, 0.14052, 0.14238, 0.14402, 0.14641, 0.14888, 0.15094, 0.15256, 0.15441, 0.15683, 0.15865, 0.16078, 0.16179]
[0.00541, 0.00636, 0.00721, 0.00853, 0.01015, 0.01186, 0.01339, 0.01448, 0.01634, 0.0201, 0.02838, 0.04438, 0.06891, 0.10058, 0.1231, 0.1347, 0.13838, 0.14052, 0.14238, 0.14402, 0.14641, 0.14888, 0.15094, 0.15256, 0.15441, 0.15683, 0.15865, 0.16078, 0.16179, 0.16291]
[0.00541, 0.00636, 0.00721, 0.00853, 0.01015, 0.01186, 0.01339, 0.01448, 0.01634, 0.0201, 0.02838, 0.04438, 0.06891, 0.10058, 0.1231, 0.1347, 0.13838, 0.14052, 0.14238, 0.14402, 0.14641, 0.14888, 0.15094, 0.15256, 0.15441, 0.15683, 0.15865, 0.16078, 0.16179, 0.16291, 0.16371]
[0.00541, 0.00636, 0.00721, 0.00853, 0.01015, 0.01186, 0.01339, 0.01448, 0.01634, 0.0201, 0.02838, 0.04438, 0.06891, 0.10058, 0.1231, 0.1347, 0.13838, 0.14052, 0.14238, 0.14402, 0.14641, 0.14888, 0.15094, 0.15256, 0.15441, 0.15683, 0.15865, 0.16078, 0.16179, 0.16291, 0.16371, 0.16496]
[0.00541, 0.00636, 0.00721, 0.00853, 0.01015, 0.01186, 0.01339, 0.01448, 0.01634, 0.0201, 0.02838, 0.04438, 0.06891, 0.10058, 0.1231, 0.1347, 0.13838, 0.14052, 0.14238, 0.14402, 0.14641, 0.14888, 0.15094, 0.15256, 0.15441, 0.15683, 0.15865, 0.16078, 0.16179, 0.16291, 0.16371, 0.16496, 0.16634]
[0.00541, 0.00636, 0.00721, 0.00853, 0.01015, 0.01186, 0.01339, 0.01448, 0.01634, 0.0201, 0.02838, 0.04438, 0.06891, 0.10058, 0.1231, 0.1347, 0.13838, 0.14052, 0.14238, 0.14402, 0.14641, 0.14888, 0.15094, 0.15256, 0.15441, 0.15683, 0.15865, 0.16078, 0.16179, 0.16291, 0.16371, 0.16496, 0.16634, 0.16714]
[0.00541, 0.00636, 0.00721, 0.00853, 0.01015, 0.01186, 0.01339, 0.01448, 0.01634, 0.0201, 0.02838, 0.04438, 0.06891, 0.10058, 0.1231, 0.1347, 0.13838, 0.14052, 0.14238, 0.14402, 0.14641, 0.14888, 0.15094, 0.15256, 0.15441, 0.15683, 0.15865, 0.16078, 0.16179, 0.16291, 0.16371, 0.16496, 0.16634, 0.16714, 0.16824]
[0.00541, 0.00636, 0.00721, 0.00853, 0.01015, 0.01186, 0.01339, 0.01448, 0.01634, 0.0201, 0.02838, 0.04438, 0.06891, 0.10058, 0.1231, 0.1347, 0.13838, 0.14052, 0.14238, 0.14402, 0.14641, 0.14888, 0.15094, 0.15256, 0.15441, 0.15683, 0.15865, 0.16078, 0.16179, 0.16291, 0.16371, 0.16496, 0.16634, 0.16714, 0.16824, 0.16815]
[0.00541, 0.00636, 0.00721, 0.00853, 0.01015, 0.01186, 0.01339, 0.01448, 0.01634, 0.0201, 0.02838, 0.04438, 0.06891, 0.10058, 0.1231, 0.1347, 0.13838, 0.14052, 0.14238, 0.14402, 0.14641, 0.14888, 0.15094, 0.15256, 0.15441, 0.15683, 0.15865, 0.16078, 0.16179, 0.16291, 0.16371, 0.16496, 0.16634, 0.16714, 0.16824, 0.16815, 0.16893]
[0.00541, 0.00636, 0.00721, 0.00853, 0.01015, 0.01186, 0.01339, 0.01448, 0.01634, 0.0201, 0.02838, 0.04438, 0.06891, 0.10058, 0.1231, 0.1347, 0.13838, 0.14052, 0.14238, 0.14402, 0.14641, 0.14888, 0.15094, 0.15256, 0.15441, 0.15683, 0.15865, 0.16078, 0.16179, 0.16291, 0.16371, 0.16496, 0.16634, 0.16714, 0.16824, 0.16815, 0.16893, 0.16994]
[0.00541, 0.00636, 0.00721, 0.00853, 0.01015, 0.01186, 0.01339, 0.01448, 0.01634, 0.0201, 0.02838, 0.04438, 0.06891, 0.10058, 0.1231, 0.1347, 0.13838, 0.14052, 0.14238, 0.14402, 0.14641, 0.14888, 0.15094, 0.15256, 0.15441, 0.15683, 0.15865, 0.16078, 0.16179, 0.16291, 0.16371, 0.16496, 0.16634, 0.16714, 0.16824, 0.16815, 0.16893, 0.16994, 0.17066]
[0.00541, 0.00636, 0.00721, 0.00853, 0.01015, 0.01186, 0.01339, 0.01448, 0.01634, 0.0201, 0.02838, 0.04438, 0.06891, 0.10058, 0.1231, 0.1347, 0.13838, 0.14052, 0.14238, 0.14402, 0.14641, 0.14888, 0.15094, 0.15256, 0.15441, 0.15683, 0.15865, 0.16078, 0.16179, 0.16291, 0.16371, 0.16496, 0.16634, 0.16714, 0.16824, 0.16815, 0.16893, 0.16994, 0.17066, 0.17059]
[0.00541, 0.00636, 0.00721, 0.00853, 0.01015, 0.01186, 0.01339, 0.01448, 0.01634, 0.0201, 0.02838, 0.04438, 0.06891, 0.10058, 0.1231, 0.1347, 0.13838, 0.14052, 0.14238, 0.14402, 0.14641, 0.14888, 0.15094, 0.15256, 0.15441, 0.15683, 0.15865, 0.16078, 0.16179, 0.16291, 0.16371, 0.16496, 0.16634, 0.16714, 0.16824, 0.16815, 0.16893, 0.16994, 0.17066, 0.17059, 0.17014]
[0.00541, 0.00636, 0.00721, 0.00853, 0.01015, 0.01186, 0.01339, 0.01448, 0.01634, 0.0201, 0.02838, 0.04438, 0.06891, 0.10058, 0.1231, 0.1347, 0.13838, 0.14052, 0.14238, 0.14402, 0.14641, 0.14888, 0.15094, 0.15256, 0.15441, 0.15683, 0.15865, 0.16078, 0.16179, 0.16291, 0.16371, 0.16496, 0.16634, 0.16714, 0.16824, 0.16815, 0.16893, 0.16994, 0.17066, 0.17059, 0.17014, 0.17087]
[0.00541, 0.00636, 0.00721, 0.00853, 0.01015, 0.01186, 0.01339, 0.01448, 0.01634, 0.0201, 0.02838, 0.04438, 0.06891, 0.10058, 0.1231, 0.1347, 0.13838, 0.14052, 0.14238, 0.14402, 0.14641, 0.14888, 0.15094, 0.15256, 0.15441, 0.15683, 0.15865, 0.16078, 0.16179, 0.16291, 0.16371, 0.16496, 0.16634, 0.16714, 0.16824, 0.16815, 0.16893, 0.16994, 0.17066, 0.17059, 0.17014, 0.17087, 0.17084]
[0.00541, 0.00636, 0.00721, 0.00853, 0.01015, 0.01186, 0.01339, 0.01448, 0.01634, 0.0201, 0.02838, 0.04438, 0.06891, 0.10058, 0.1231, 0.1347, 0.13838, 0.14052, 0.14238, 0.14402, 0.14641, 0.14888, 0.15094, 0.15256, 0.15441, 0.15683, 0.15865, 0.16078, 0.16179, 0.16291, 0.16371, 0.16496, 0.16634, 0.16714, 0.16824, 0.16815, 0.16893, 0.16994, 0.17066, 0.17059, 0.17014, 0.17087, 0.17084, 0.1711]
[0.00541, 0.00636, 0.00721, 0.00853, 0.01015, 0.01186, 0.01339, 0.01448, 0.01634, 0.0201, 0.02838, 0.04438, 0.06891, 0.10058, 0.1231, 0.1347, 0.13838, 0.14052, 0.14238, 0.14402, 0.14641, 0.14888, 0.15094, 0.15256, 0.15441, 0.15683, 0.15865, 0.16078, 0.16179, 0.16291, 0.16371, 0.16496, 0.16634, 0.16714, 0.16824, 0.16815, 0.16893, 0.16994, 0.17066, 0.17059, 0.17014, 0.17087, 0.17084, 0.1711, 0.17141]
[0.00541, 0.00636, 0.00721, 0.00853, 0.01015, 0.01186, 0.01339, 0.01448, 0.01634, 0.0201, 0.02838, 0.04438, 0.06891, 0.10058, 0.1231, 0.1347, 0.13838, 0.14052, 0.14238, 0.14402, 0.14641, 0.14888, 0.15094, 0.15256, 0.15441, 0.15683, 0.15865, 0.16078, 0.16179, 0.16291, 0.16371, 0.16496, 0.16634, 0.16714, 0.16824, 0.16815, 0.16893, 0.16994, 0.17066, 0.17059, 0.17014, 0.17087, 0.17084, 0.1711, 0.17141, 0.17162]
[0.00541, 0.00636, 0.00721, 0.00853, 0.01015, 0.01186, 0.01339, 0.01448, 0.01634, 0.0201, 0.02838, 0.04438, 0.06891, 0.10058, 0.1231, 0.1347, 0.13838, 0.14052, 0.14238, 0.14402, 0.14641, 0.14888, 0.15094, 0.15256, 0.15441, 0.15683, 0.15865, 0.16078, 0.16179, 0.16291, 0.16371, 0.16496, 0.16634, 0.16714, 0.16824, 0.16815, 0.16893, 0.16994, 0.17066, 0.17059, 0.17014, 0.17087, 0.17084, 0.1711, 0.17141, 0.17162, 0.17183]
[0.00541, 0.00636, 0.00721, 0.00853, 0.01015, 0.01186, 0.01339, 0.01448, 0.01634, 0.0201, 0.02838, 0.04438, 0.06891, 0.10058, 0.1231, 0.1347, 0.13838, 0.14052, 0.14238, 0.14402, 0.14641, 0.14888, 0.15094, 0.15256, 0.15441, 0.15683, 0.15865, 0.16078, 0.16179, 0.16291, 0.16371, 0.16496, 0.16634, 0.16714, 0.16824, 0.16815, 0.16893, 0.16994, 0.17066, 0.17059, 0.17014, 0.17087, 0.17084, 0.1711, 0.17141, 0.17162, 0.17183, 0.17139]
[0.00541, 0.00636, 0.00721, 0.00853, 0.01015, 0.01186, 0.01339, 0.01448, 0.01634, 0.0201, 0.02838, 0.04438, 0.06891, 0.10058, 0.1231, 0.1347, 0.13838, 0.14052, 0.14238, 0.14402, 0.14641, 0.14888, 0.15094, 0.15256, 0.15441, 0.15683, 0.15865, 0.16078, 0.16179, 0.16291, 0.16371, 0.16496, 0.16634, 0.16714, 0.16824, 0.16815, 0.16893, 0.16994, 0.17066, 0.17059, 0.17014, 0.17087, 0.17084, 0.1711, 0.17141, 0.17162, 0.17183, 0.17139, 0.17139]
[0.00541, 0.00636, 0.00721, 0.00853, 0.01015, 0.01186, 0.01339, 0.01448, 0.01634, 0.0201, 0.02838, 0.04438, 0.06891, 0.10058, 0.1231, 0.1347, 0.13838, 0.14052, 0.14238, 0.14402, 0.14641, 0.14888, 0.15094, 0.15256, 0.15441, 0.15683, 0.15865, 0.16078, 0.16179, 0.16291, 0.16371, 0.16496, 0.16634, 0.16714, 0.16824, 0.16815, 0.16893, 0.16994, 0.17066, 0.17059, 0.17014, 0.17087, 0.17084, 0.1711, 0.17141, 0.17162, 0.17183, 0.17139, 0.17139, 0.17174]
[0.00541, 0.00636, 0.00721, 0.00853, 0.01015, 0.01186, 0.01339, 0.01448, 0.01634, 0.0201, 0.02838, 0.04438, 0.06891, 0.10058, 0.1231, 0.1347, 0.13838, 0.14052, 0.14238, 0.14402, 0.14641, 0.14888, 0.15094, 0.15256, 0.15441, 0.15683, 0.15865, 0.16078, 0.16179, 0.16291, 0.16371, 0.16496, 0.16634, 0.16714, 0.16824, 0.16815, 0.16893, 0.16994, 0.17066, 0.17059, 0.17014, 0.17087, 0.17084, 0.1711, 0.17141, 0.17162, 0.17183, 0.17139, 0.17139, 0.17174, 0.17166]
[0.00541, 0.00636, 0.00721, 0.00853, 0.01015, 0.01186, 0.01339, 0.01448, 0.01634, 0.0201, 0.02838, 0.04438, 0.06891, 0.10058, 0.1231, 0.1347, 0.13838, 0.14052, 0.14238, 0.14402, 0.14641, 0.14888, 0.15094, 0.15256, 0.15441, 0.15683, 0.15865, 0.16078, 0.16179, 0.16291, 0.16371, 0.16496, 0.16634, 0.16714, 0.16824, 0.16815, 0.16893, 0.16994, 0.17066, 0.17059, 0.17014, 0.17087, 0.17084, 0.1711, 0.17141, 0.17162, 0.17183, 0.17139, 0.17139, 0.17174, 0.17166, 0.17174]
[0.00541, 0.00636, 0.00721, 0.00853, 0.01015, 0.01186, 0.01339, 0.01448, 0.01634, 0.0201, 0.02838, 0.04438, 0.06891, 0.10058, 0.1231, 0.1347, 0.13838, 0.14052, 0.14238, 0.14402, 0.14641, 0.14888, 0.15094, 0.15256, 0.15441, 0.15683, 0.15865, 0.16078, 0.16179, 0.16291, 0.16371, 0.16496, 0.16634, 0.16714, 0.16824, 0.16815, 0.16893, 0.16994, 0.17066, 0.17059, 0.17014, 0.17087, 0.17084, 0.1711, 0.17141, 0.17162, 0.17183, 0.17139, 0.17139, 0.17174, 0.17166, 0.17174, 0.17131]
[0.00541, 0.00636, 0.00721, 0.00853, 0.01015, 0.01186, 0.01339, 0.01448, 0.01634, 0.0201, 0.02838, 0.04438, 0.06891, 0.10058, 0.1231, 0.1347, 0.13838, 0.14052, 0.14238, 0.14402, 0.14641, 0.14888, 0.15094, 0.15256, 0.15441, 0.15683, 0.15865, 0.16078, 0.16179, 0.16291, 0.16371, 0.16496, 0.16634, 0.16714, 0.16824, 0.16815, 0.16893, 0.16994, 0.17066, 0.17059, 0.17014, 0.17087, 0.17084, 0.1711, 0.17141, 0.17162, 0.17183, 0.17139, 0.17139, 0.17174, 0.17166, 0.17174, 0.17131, 0.17084]
[0.00541, 0.00636, 0.00721, 0.00853, 0.01015, 0.01186, 0.01339, 0.01448, 0.01634, 0.0201, 0.02838, 0.04438, 0.06891, 0.10058, 0.1231, 0.1347, 0.13838, 0.14052, 0.14238, 0.14402, 0.14641, 0.14888, 0.15094, 0.15256, 0.15441, 0.15683, 0.15865, 0.16078, 0.16179, 0.16291, 0.16371, 0.16496, 0.16634, 0.16714, 0.16824, 0.16815, 0.16893, 0.16994, 0.17066, 0.17059, 0.17014, 0.17087, 0.17084, 0.1711, 0.17141, 0.17162, 0.17183, 0.17139, 0.17139, 0.17174, 0.17166, 0.17174, 0.17131, 0.17084, 0.17104]
[0.00541, 0.00636, 0.00721, 0.00853, 0.01015, 0.01186, 0.01339, 0.01448, 0.01634, 0.0201, 0.02838, 0.04438, 0.06891, 0.10058, 0.1231, 0.1347, 0.13838, 0.14052, 0.14238, 0.14402, 0.14641, 0.14888, 0.15094, 0.15256, 0.15441, 0.15683, 0.15865, 0.16078, 0.16179, 0.16291, 0.16371, 0.16496, 0.16634, 0.16714, 0.16824, 0.16815, 0.16893, 0.16994, 0.17066, 0.17059, 0.17014, 0.17087, 0.17084, 0.1711, 0.17141, 0.17162, 0.17183, 0.17139, 0.17139, 0.17174, 0.17166, 0.17174, 0.17131, 0.17084, 0.17104, 0.17052]
[0.00541, 0.00636, 0.00721, 0.00853, 0.01015, 0.01186, 0.01339, 0.01448, 0.01634, 0.0201, 0.02838, 0.04438, 0.06891, 0.10058, 0.1231, 0.1347, 0.13838, 0.14052, 0.14238, 0.14402, 0.14641, 0.14888, 0.15094, 0.15256, 0.15441, 0.15683, 0.15865, 0.16078, 0.16179, 0.16291, 0.16371, 0.16496, 0.16634, 0.16714, 0.16824, 0.16815, 0.16893, 0.16994, 0.17066, 0.17059, 0.17014, 0.17087, 0.17084, 0.1711, 0.17141, 0.17162, 0.17183, 0.17139, 0.17139, 0.17174, 0.17166, 0.17174, 0.17131, 0.17084, 0.17104, 0.17052, 0.17007]
[0.00541, 0.00636, 0.00721, 0.00853, 0.01015, 0.01186, 0.01339, 0.01448, 0.01634, 0.0201, 0.02838, 0.04438, 0.06891, 0.10058, 0.1231, 0.1347, 0.13838, 0.14052, 0.14238, 0.14402, 0.14641, 0.14888, 0.15094, 0.15256, 0.15441, 0.15683, 0.15865, 0.16078, 0.16179, 0.16291, 0.16371, 0.16496, 0.16634, 0.16714, 0.16824, 0.16815, 0.16893, 0.16994, 0.17066, 0.17059, 0.17014, 0.17087, 0.17084, 0.1711, 0.17141, 0.17162, 0.17183, 0.17139, 0.17139, 0.17174, 0.17166, 0.17174, 0.17131, 0.17084, 0.17104, 0.17052, 0.17007, 0.16943]
[0.00541, 0.00636, 0.00721, 0.00853, 0.01015, 0.01186, 0.01339, 0.01448, 0.01634, 0.0201, 0.02838, 0.04438, 0.06891, 0.10058, 0.1231, 0.1347, 0.13838, 0.14052, 0.14238, 0.14402, 0.14641, 0.14888, 0.15094, 0.15256, 0.15441, 0.15683, 0.15865, 0.16078, 0.16179, 0.16291, 0.16371, 0.16496, 0.16634, 0.16714, 0.16824, 0.16815, 0.16893, 0.16994, 0.17066, 0.17059, 0.17014, 0.17087, 0.17084, 0.1711, 0.17141, 0.17162, 0.17183, 0.17139, 0.17139, 0.17174, 0.17166, 0.17174, 0.17131, 0.17084, 0.17104, 0.17052, 0.17007, 0.16943, 0.16903]
[0.00541, 0.00636, 0.00721, 0.00853, 0.01015, 0.01186, 0.01339, 0.01448, 0.01634, 0.0201, 0.02838, 0.04438, 0.06891, 0.10058, 0.1231, 0.1347, 0.13838, 0.14052, 0.14238, 0.14402, 0.14641, 0.14888, 0.15094, 0.15256, 0.15441, 0.15683, 0.15865, 0.16078, 0.16179, 0.16291, 0.16371, 0.16496, 0.16634, 0.16714, 0.16824, 0.16815, 0.16893, 0.16994, 0.17066, 0.17059, 0.17014, 0.17087, 0.17084, 0.1711, 0.17141, 0.17162, 0.17183, 0.17139, 0.17139, 0.17174, 0.17166, 0.17174, 0.17131, 0.17084, 0.17104, 0.17052, 0.17007, 0.16943, 0.16903, 0.16933]
[0.00541, 0.00636, 0.00721, 0.00853, 0.01015, 0.01186, 0.01339, 0.01448, 0.01634, 0.0201, 0.02838, 0.04438, 0.06891, 0.10058, 0.1231, 0.1347, 0.13838, 0.14052, 0.14238, 0.14402, 0.14641, 0.14888, 0.15094, 0.15256, 0.15441, 0.15683, 0.15865, 0.16078, 0.16179, 0.16291, 0.16371, 0.16496, 0.16634, 0.16714, 0.16824, 0.16815, 0.16893, 0.16994, 0.17066, 0.17059, 0.17014, 0.17087, 0.17084, 0.1711, 0.17141, 0.17162, 0.17183, 0.17139, 0.17139, 0.17174, 0.17166, 0.17174, 0.17131, 0.17084, 0.17104, 0.17052, 0.17007, 0.16943, 0.16903, 0.16933, 0.16924]
[0.00541, 0.00636, 0.00721, 0.00853, 0.01015, 0.01186, 0.01339, 0.01448, 0.01634, 0.0201, 0.02838, 0.04438, 0.06891, 0.10058, 0.1231, 0.1347, 0.13838, 0.14052, 0.14238, 0.14402, 0.14641, 0.14888, 0.15094, 0.15256, 0.15441, 0.15683, 0.15865, 0.16078, 0.16179, 0.16291, 0.16371, 0.16496, 0.16634, 0.16714, 0.16824, 0.16815, 0.16893, 0.16994, 0.17066, 0.17059, 0.17014, 0.17087, 0.17084, 0.1711, 0.17141, 0.17162, 0.17183, 0.17139, 0.17139, 0.17174, 0.17166, 0.17174, 0.17131, 0.17084, 0.17104, 0.17052, 0.17007, 0.16943, 0.16903, 0.16933, 0.16924, 0.16847]
[0.00541, 0.00636, 0.00721, 0.00853, 0.01015, 0.01186, 0.01339, 0.01448, 0.01634, 0.0201, 0.02838, 0.04438, 0.06891, 0.10058, 0.1231, 0.1347, 0.13838, 0.14052, 0.14238, 0.14402, 0.14641, 0.14888, 0.15094, 0.15256, 0.15441, 0.15683, 0.15865, 0.16078, 0.16179, 0.16291, 0.16371, 0.16496, 0.16634, 0.16714, 0.16824, 0.16815, 0.16893, 0.16994, 0.17066, 0.17059, 0.17014, 0.17087, 0.17084, 0.1711, 0.17141, 0.17162, 0.17183, 0.17139, 0.17139, 0.17174, 0.17166, 0.17174, 0.17131, 0.17084, 0.17104, 0.17052, 0.17007, 0.16943, 0.16903, 0.16933, 0.16924, 0.16847, 0.16825]
[0.00541, 0.00636, 0.00721, 0.00853, 0.01015, 0.01186, 0.01339, 0.01448, 0.01634, 0.0201, 0.02838, 0.04438, 0.06891, 0.10058, 0.1231, 0.1347, 0.13838, 0.14052, 0.14238, 0.14402, 0.14641, 0.14888, 0.15094, 0.15256, 0.15441, 0.15683, 0.15865, 0.16078, 0.16179, 0.16291, 0.16371, 0.16496, 0.16634, 0.16714, 0.16824, 0.16815, 0.16893, 0.16994, 0.17066, 0.17059, 0.17014, 0.17087, 0.17084, 0.1711, 0.17141, 0.17162, 0.17183, 0.17139, 0.17139, 0.17174, 0.17166, 0.17174, 0.17131, 0.17084, 0.17104, 0.17052, 0.17007, 0.16943, 0.16903, 0.16933, 0.16924, 0.16847, 0.16825, 0.16804]
[0.00541, 0.00636, 0.00721, 0.00853, 0.01015, 0.01186, 0.01339, 0.01448, 0.01634, 0.0201, 0.02838, 0.04438, 0.06891, 0.10058, 0.1231, 0.1347, 0.13838, 0.14052, 0.14238, 0.14402, 0.14641, 0.14888, 0.15094, 0.15256, 0.15441, 0.15683, 0.15865, 0.16078, 0.16179, 0.16291, 0.16371, 0.16496, 0.16634, 0.16714, 0.16824, 0.16815, 0.16893, 0.16994, 0.17066, 0.17059, 0.17014, 0.17087, 0.17084, 0.1711, 0.17141, 0.17162, 0.17183, 0.17139, 0.17139, 0.17174, 0.17166, 0.17174, 0.17131, 0.17084, 0.17104, 0.17052, 0.17007, 0.16943, 0.16903, 0.16933, 0.16924, 0.16847, 0.16825, 0.16804, 0.16747]
[0.00541, 0.00636, 0.00721, 0.00853, 0.01015, 0.01186, 0.01339, 0.01448, 0.01634, 0.0201, 0.02838, 0.04438, 0.06891, 0.10058, 0.1231, 0.1347, 0.13838, 0.14052, 0.14238, 0.14402, 0.14641, 0.14888, 0.15094, 0.15256, 0.15441, 0.15683, 0.15865, 0.16078, 0.16179, 0.16291, 0.16371, 0.16496, 0.16634, 0.16714, 0.16824, 0.16815, 0.16893, 0.16994, 0.17066, 0.17059, 0.17014, 0.17087, 0.17084, 0.1711, 0.17141, 0.17162, 0.17183, 0.17139, 0.17139, 0.17174, 0.17166, 0.17174, 0.17131, 0.17084, 0.17104, 0.17052, 0.17007, 0.16943, 0.16903, 0.16933, 0.16924, 0.16847, 0.16825, 0.16804, 0.16747, 0.16695]
[0.00541, 0.00636, 0.00721, 0.00853, 0.01015, 0.01186, 0.01339, 0.01448, 0.01634, 0.0201, 0.02838, 0.04438, 0.06891, 0.10058, 0.1231, 0.1347, 0.13838, 0.14052, 0.14238, 0.14402, 0.14641, 0.14888, 0.15094, 0.15256, 0.15441, 0.15683, 0.15865, 0.16078, 0.16179, 0.16291, 0.16371, 0.16496, 0.16634, 0.16714, 0.16824, 0.16815, 0.16893, 0.16994, 0.17066, 0.17059, 0.17014, 0.17087, 0.17084, 0.1711, 0.17141, 0.17162, 0.17183, 0.17139, 0.17139, 0.17174, 0.17166, 0.17174, 0.17131, 0.17084, 0.17104, 0.17052, 0.17007, 0.16943, 0.16903, 0.16933, 0.16924, 0.16847, 0.16825, 0.16804, 0.16747, 0.16695, 0.16711]
[0.00541, 0.00636, 0.00721, 0.00853, 0.01015, 0.01186, 0.01339, 0.01448, 0.01634, 0.0201, 0.02838, 0.04438, 0.06891, 0.10058, 0.1231, 0.1347, 0.13838, 0.14052, 0.14238, 0.14402, 0.14641, 0.14888, 0.15094, 0.15256, 0.15441, 0.15683, 0.15865, 0.16078, 0.16179, 0.16291, 0.16371, 0.16496, 0.16634, 0.16714, 0.16824, 0.16815, 0.16893, 0.16994, 0.17066, 0.17059, 0.17014, 0.17087, 0.17084, 0.1711, 0.17141, 0.17162, 0.17183, 0.17139, 0.17139, 0.17174, 0.17166, 0.17174, 0.17131, 0.17084, 0.17104, 0.17052, 0.17007, 0.16943, 0.16903, 0.16933, 0.16924, 0.16847, 0.16825, 0.16804, 0.16747, 0.16695, 0.16711, 0.16663]
[0.00541, 0.00636, 0.00721, 0.00853, 0.01015, 0.01186, 0.01339, 0.01448, 0.01634, 0.0201, 0.02838, 0.04438, 0.06891, 0.10058, 0.1231, 0.1347, 0.13838, 0.14052, 0.14238, 0.14402, 0.14641, 0.14888, 0.15094, 0.15256, 0.15441, 0.15683, 0.15865, 0.16078, 0.16179, 0.16291, 0.16371, 0.16496, 0.16634, 0.16714, 0.16824, 0.16815, 0.16893, 0.16994, 0.17066, 0.17059, 0.17014, 0.17087, 0.17084, 0.1711, 0.17141, 0.17162, 0.17183, 0.17139, 0.17139, 0.17174, 0.17166, 0.17174, 0.17131, 0.17084, 0.17104, 0.17052, 0.17007, 0.16943, 0.16903, 0.16933, 0.16924, 0.16847, 0.16825, 0.16804, 0.16747, 0.16695, 0.16711, 0.16663, 0.16597]
[0.00541, 0.00636, 0.00721, 0.00853, 0.01015, 0.01186, 0.01339, 0.01448, 0.01634, 0.0201, 0.02838, 0.04438, 0.06891, 0.10058, 0.1231, 0.1347, 0.13838, 0.14052, 0.14238, 0.14402, 0.14641, 0.14888, 0.15094, 0.15256, 0.15441, 0.15683, 0.15865, 0.16078, 0.16179, 0.16291, 0.16371, 0.16496, 0.16634, 0.16714, 0.16824, 0.16815, 0.16893, 0.16994, 0.17066, 0.17059, 0.17014, 0.17087, 0.17084, 0.1711, 0.17141, 0.17162, 0.17183, 0.17139, 0.17139, 0.17174, 0.17166, 0.17174, 0.17131, 0.17084, 0.17104, 0.17052, 0.17007, 0.16943, 0.16903, 0.16933, 0.16924, 0.16847, 0.16825, 0.16804, 0.16747, 0.16695, 0.16711, 0.16663, 0.16597, 0.16542]
[0.00541, 0.00636, 0.00721, 0.00853, 0.01015, 0.01186, 0.01339, 0.01448, 0.01634, 0.0201, 0.02838, 0.04438, 0.06891, 0.10058, 0.1231, 0.1347, 0.13838, 0.14052, 0.14238, 0.14402, 0.14641, 0.14888, 0.15094, 0.15256, 0.15441, 0.15683, 0.15865, 0.16078, 0.16179, 0.16291, 0.16371, 0.16496, 0.16634, 0.16714, 0.16824, 0.16815, 0.16893, 0.16994, 0.17066, 0.17059, 0.17014, 0.17087, 0.17084, 0.1711, 0.17141, 0.17162, 0.17183, 0.17139, 0.17139, 0.17174, 0.17166, 0.17174, 0.17131, 0.17084, 0.17104, 0.17052, 0.17007, 0.16943, 0.16903, 0.16933, 0.16924, 0.16847, 0.16825, 0.16804, 0.16747, 0.16695, 0.16711, 0.16663, 0.16597, 0.16542, 0.16548]
[0.00541, 0.00636, 0.00721, 0.00853, 0.01015, 0.01186, 0.01339, 0.01448, 0.01634, 0.0201, 0.02838, 0.04438, 0.06891, 0.10058, 0.1231, 0.1347, 0.13838, 0.14052, 0.14238, 0.14402, 0.14641, 0.14888, 0.15094, 0.15256, 0.15441, 0.15683, 0.15865, 0.16078, 0.16179, 0.16291, 0.16371, 0.16496, 0.16634, 0.16714, 0.16824, 0.16815, 0.16893, 0.16994, 0.17066, 0.17059, 0.17014, 0.17087, 0.17084, 0.1711, 0.17141, 0.17162, 0.17183, 0.17139, 0.17139, 0.17174, 0.17166, 0.17174, 0.17131, 0.17084, 0.17104, 0.17052, 0.17007, 0.16943, 0.16903, 0.16933, 0.16924, 0.16847, 0.16825, 0.16804, 0.16747, 0.16695, 0.16711, 0.16663, 0.16597, 0.16542, 0.16548, 0.1649]
[0.00541, 0.00636, 0.00721, 0.00853, 0.01015, 0.01186, 0.01339, 0.01448, 0.01634, 0.0201, 0.02838, 0.04438, 0.06891, 0.10058, 0.1231, 0.1347, 0.13838, 0.14052, 0.14238, 0.14402, 0.14641, 0.14888, 0.15094, 0.15256, 0.15441, 0.15683, 0.15865, 0.16078, 0.16179, 0.16291, 0.16371, 0.16496, 0.16634, 0.16714, 0.16824, 0.16815, 0.16893, 0.16994, 0.17066, 0.17059, 0.17014, 0.17087, 0.17084, 0.1711, 0.17141, 0.17162, 0.17183, 0.17139, 0.17139, 0.17174, 0.17166, 0.17174, 0.17131, 0.17084, 0.17104, 0.17052, 0.17007, 0.16943, 0.16903, 0.16933, 0.16924, 0.16847, 0.16825, 0.16804, 0.16747, 0.16695, 0.16711, 0.16663, 0.16597, 0.16542, 0.16548, 0.1649, 0.16421]
[0.00541, 0.00636, 0.00721, 0.00853, 0.01015, 0.01186, 0.01339, 0.01448, 0.01634, 0.0201, 0.02838, 0.04438, 0.06891, 0.10058, 0.1231, 0.1347, 0.13838, 0.14052, 0.14238, 0.14402, 0.14641, 0.14888, 0.15094, 0.15256, 0.15441, 0.15683, 0.15865, 0.16078, 0.16179, 0.16291, 0.16371, 0.16496, 0.16634, 0.16714, 0.16824, 0.16815, 0.16893, 0.16994, 0.17066, 0.17059, 0.17014, 0.17087, 0.17084, 0.1711, 0.17141, 0.17162, 0.17183, 0.17139, 0.17139, 0.17174, 0.17166, 0.17174, 0.17131, 0.17084, 0.17104, 0.17052, 0.17007, 0.16943, 0.16903, 0.16933, 0.16924, 0.16847, 0.16825, 0.16804, 0.16747, 0.16695, 0.16711, 0.16663, 0.16597, 0.16542, 0.16548, 0.1649, 0.16421, 0.16348]
[0.00541, 0.00636, 0.00721, 0.00853, 0.01015, 0.01186, 0.01339, 0.01448, 0.01634, 0.0201, 0.02838, 0.04438, 0.06891, 0.10058, 0.1231, 0.1347, 0.13838, 0.14052, 0.14238, 0.14402, 0.14641, 0.14888, 0.15094, 0.15256, 0.15441, 0.15683, 0.15865, 0.16078, 0.16179, 0.16291, 0.16371, 0.16496, 0.16634, 0.16714, 0.16824, 0.16815, 0.16893, 0.16994, 0.17066, 0.17059, 0.17014, 0.17087, 0.17084, 0.1711, 0.17141, 0.17162, 0.17183, 0.17139, 0.17139, 0.17174, 0.17166, 0.17174, 0.17131, 0.17084, 0.17104, 0.17052, 0.17007, 0.16943, 0.16903, 0.16933, 0.16924, 0.16847, 0.16825, 0.16804, 0.16747, 0.16695, 0.16711, 0.16663, 0.16597, 0.16542, 0.16548, 0.1649, 0.16421, 0.16348, 0.16314]
[0.00541, 0.00636, 0.00721, 0.00853, 0.01015, 0.01186, 0.01339, 0.01448, 0.01634, 0.0201, 0.02838, 0.04438, 0.06891, 0.10058, 0.1231, 0.1347, 0.13838, 0.14052, 0.14238, 0.14402, 0.14641, 0.14888, 0.15094, 0.15256, 0.15441, 0.15683, 0.15865, 0.16078, 0.16179, 0.16291, 0.16371, 0.16496, 0.16634, 0.16714, 0.16824, 0.16815, 0.16893, 0.16994, 0.17066, 0.17059, 0.17014, 0.17087, 0.17084, 0.1711, 0.17141, 0.17162, 0.17183, 0.17139, 0.17139, 0.17174, 0.17166, 0.17174, 0.17131, 0.17084, 0.17104, 0.17052, 0.17007, 0.16943, 0.16903, 0.16933, 0.16924, 0.16847, 0.16825, 0.16804, 0.16747, 0.16695, 0.16711, 0.16663, 0.16597, 0.16542, 0.16548, 0.1649, 0.16421, 0.16348, 0.16314, 0.16286]
[0.00541, 0.00636, 0.00721, 0.00853, 0.01015, 0.01186, 0.01339, 0.01448, 0.01634, 0.0201, 0.02838, 0.04438, 0.06891, 0.10058, 0.1231, 0.1347, 0.13838, 0.14052, 0.14238, 0.14402, 0.14641, 0.14888, 0.15094, 0.15256, 0.15441, 0.15683, 0.15865, 0.16078, 0.16179, 0.16291, 0.16371, 0.16496, 0.16634, 0.16714, 0.16824, 0.16815, 0.16893, 0.16994, 0.17066, 0.17059, 0.17014, 0.17087, 0.17084, 0.1711, 0.17141, 0.17162, 0.17183, 0.17139, 0.17139, 0.17174, 0.17166, 0.17174, 0.17131, 0.17084, 0.17104, 0.17052, 0.17007, 0.16943, 0.16903, 0.16933, 0.16924, 0.16847, 0.16825, 0.16804, 0.16747, 0.16695, 0.16711, 0.16663, 0.16597, 0.16542, 0.16548, 0.1649, 0.16421, 0.16348, 0.16314, 0.16286, 0.16249]
[0.00541, 0.00636, 0.00721, 0.00853, 0.01015, 0.01186, 0.01339, 0.01448, 0.01634, 0.0201, 0.02838, 0.04438, 0.06891, 0.10058, 0.1231, 0.1347, 0.13838, 0.14052, 0.14238, 0.14402, 0.14641, 0.14888, 0.15094, 0.15256, 0.15441, 0.15683, 0.15865, 0.16078, 0.16179, 0.16291, 0.16371, 0.16496, 0.16634, 0.16714, 0.16824, 0.16815, 0.16893, 0.16994, 0.17066, 0.17059, 0.17014, 0.17087, 0.17084, 0.1711, 0.17141, 0.17162, 0.17183, 0.17139, 0.17139, 0.17174, 0.17166, 0.17174, 0.17131, 0.17084, 0.17104, 0.17052, 0.17007, 0.16943, 0.16903, 0.16933, 0.16924, 0.16847, 0.16825, 0.16804, 0.16747, 0.16695, 0.16711, 0.16663, 0.16597, 0.16542, 0.16548, 0.1649, 0.16421, 0.16348, 0.16314, 0.16286, 0.16249, 0.16198]
[0.00541, 0.00636, 0.00721, 0.00853, 0.01015, 0.01186, 0.01339, 0.01448, 0.01634, 0.0201, 0.02838, 0.04438, 0.06891, 0.10058, 0.1231, 0.1347, 0.13838, 0.14052, 0.14238, 0.14402, 0.14641, 0.14888, 0.15094, 0.15256, 0.15441, 0.15683, 0.15865, 0.16078, 0.16179, 0.16291, 0.16371, 0.16496, 0.16634, 0.16714, 0.16824, 0.16815, 0.16893, 0.16994, 0.17066, 0.17059, 0.17014, 0.17087, 0.17084, 0.1711, 0.17141, 0.17162, 0.17183, 0.17139, 0.17139, 0.17174, 0.17166, 0.17174, 0.17131, 0.17084, 0.17104, 0.17052, 0.17007, 0.16943, 0.16903, 0.16933, 0.16924, 0.16847, 0.16825, 0.16804, 0.16747, 0.16695, 0.16711, 0.16663, 0.16597, 0.16542, 0.16548, 0.1649, 0.16421, 0.16348, 0.16314, 0.16286, 0.16249, 0.16198, 0.1617]
[0.00541, 0.00636, 0.00721, 0.00853, 0.01015, 0.01186, 0.01339, 0.01448, 0.01634, 0.0201, 0.02838, 0.04438, 0.06891, 0.10058, 0.1231, 0.1347, 0.13838, 0.14052, 0.14238, 0.14402, 0.14641, 0.14888, 0.15094, 0.15256, 0.15441, 0.15683, 0.15865, 0.16078, 0.16179, 0.16291, 0.16371, 0.16496, 0.16634, 0.16714, 0.16824, 0.16815, 0.16893, 0.16994, 0.17066, 0.17059, 0.17014, 0.17087, 0.17084, 0.1711, 0.17141, 0.17162, 0.17183, 0.17139, 0.17139, 0.17174, 0.17166, 0.17174, 0.17131, 0.17084, 0.17104, 0.17052, 0.17007, 0.16943, 0.16903, 0.16933, 0.16924, 0.16847, 0.16825, 0.16804, 0.16747, 0.16695, 0.16711, 0.16663, 0.16597, 0.16542, 0.16548, 0.1649, 0.16421, 0.16348, 0.16314, 0.16286, 0.16249, 0.16198, 0.1617, 0.16047]
[0.00541, 0.00636, 0.00721, 0.00853, 0.01015, 0.01186, 0.01339, 0.01448, 0.01634, 0.0201, 0.02838, 0.04438, 0.06891, 0.10058, 0.1231, 0.1347, 0.13838, 0.14052, 0.14238, 0.14402, 0.14641, 0.14888, 0.15094, 0.15256, 0.15441, 0.15683, 0.15865, 0.16078, 0.16179, 0.16291, 0.16371, 0.16496, 0.16634, 0.16714, 0.16824, 0.16815, 0.16893, 0.16994, 0.17066, 0.17059, 0.17014, 0.17087, 0.17084, 0.1711, 0.17141, 0.17162, 0.17183, 0.17139, 0.17139, 0.17174, 0.17166, 0.17174, 0.17131, 0.17084, 0.17104, 0.17052, 0.17007, 0.16943, 0.16903, 0.16933, 0.16924, 0.16847, 0.16825, 0.16804, 0.16747, 0.16695, 0.16711, 0.16663, 0.16597, 0.16542, 0.16548, 0.1649, 0.16421, 0.16348, 0.16314, 0.16286, 0.16249, 0.16198, 0.1617, 0.16047, 0.15983]
[0.00541, 0.00636, 0.00721, 0.00853, 0.01015, 0.01186, 0.01339, 0.01448, 0.01634, 0.0201, 0.02838, 0.04438, 0.06891, 0.10058, 0.1231, 0.1347, 0.13838, 0.14052, 0.14238, 0.14402, 0.14641, 0.14888, 0.15094, 0.15256, 0.15441, 0.15683, 0.15865, 0.16078, 0.16179, 0.16291, 0.16371, 0.16496, 0.16634, 0.16714, 0.16824, 0.16815, 0.16893, 0.16994, 0.17066, 0.17059, 0.17014, 0.17087, 0.17084, 0.1711, 0.17141, 0.17162, 0.17183, 0.17139, 0.17139, 0.17174, 0.17166, 0.17174, 0.17131, 0.17084, 0.17104, 0.17052, 0.17007, 0.16943, 0.16903, 0.16933, 0.16924, 0.16847, 0.16825, 0.16804, 0.16747, 0.16695, 0.16711, 0.16663, 0.16597, 0.16542, 0.16548, 0.1649, 0.16421, 0.16348, 0.16314, 0.16286, 0.16249, 0.16198, 0.1617, 0.16047, 0.15983, 0.15911]
[0.00541, 0.00636, 0.00721, 0.00853, 0.01015, 0.01186, 0.01339, 0.01448, 0.01634, 0.0201, 0.02838, 0.04438, 0.06891, 0.10058, 0.1231, 0.1347, 0.13838, 0.14052, 0.14238, 0.14402, 0.14641, 0.14888, 0.15094, 0.15256, 0.15441, 0.15683, 0.15865, 0.16078, 0.16179, 0.16291, 0.16371, 0.16496, 0.16634, 0.16714, 0.16824, 0.16815, 0.16893, 0.16994, 0.17066, 0.17059, 0.17014, 0.17087, 0.17084, 0.1711, 0.17141, 0.17162, 0.17183, 0.17139, 0.17139, 0.17174, 0.17166, 0.17174, 0.17131, 0.17084, 0.17104, 0.17052, 0.17007, 0.16943, 0.16903, 0.16933, 0.16924, 0.16847, 0.16825, 0.16804, 0.16747, 0.16695, 0.16711, 0.16663, 0.16597, 0.16542, 0.16548, 0.1649, 0.16421, 0.16348, 0.16314, 0.16286, 0.16249, 0.16198, 0.1617, 0.16047, 0.15983, 0.15911, 0.15874]
[0.00541, 0.00636, 0.00721, 0.00853, 0.01015, 0.01186, 0.01339, 0.01448, 0.01634, 0.0201, 0.02838, 0.04438, 0.06891, 0.10058, 0.1231, 0.1347, 0.13838, 0.14052, 0.14238, 0.14402, 0.14641, 0.14888, 0.15094, 0.15256, 0.15441, 0.15683, 0.15865, 0.16078, 0.16179, 0.16291, 0.16371, 0.16496, 0.16634, 0.16714, 0.16824, 0.16815, 0.16893, 0.16994, 0.17066, 0.17059, 0.17014, 0.17087, 0.17084, 0.1711, 0.17141, 0.17162, 0.17183, 0.17139, 0.17139, 0.17174, 0.17166, 0.17174, 0.17131, 0.17084, 0.17104, 0.17052, 0.17007, 0.16943, 0.16903, 0.16933, 0.16924, 0.16847, 0.16825, 0.16804, 0.16747, 0.16695, 0.16711, 0.16663, 0.16597, 0.16542, 0.16548, 0.1649, 0.16421, 0.16348, 0.16314, 0.16286, 0.16249, 0.16198, 0.1617, 0.16047, 0.15983, 0.15911, 0.15874, 0.15818]
[0.00541, 0.00636, 0.00721, 0.00853, 0.01015, 0.01186, 0.01339, 0.01448, 0.01634, 0.0201, 0.02838, 0.04438, 0.06891, 0.10058, 0.1231, 0.1347, 0.13838, 0.14052, 0.14238, 0.14402, 0.14641, 0.14888, 0.15094, 0.15256, 0.15441, 0.15683, 0.15865, 0.16078, 0.16179, 0.16291, 0.16371, 0.16496, 0.16634, 0.16714, 0.16824, 0.16815, 0.16893, 0.16994, 0.17066, 0.17059, 0.17014, 0.17087, 0.17084, 0.1711, 0.17141, 0.17162, 0.17183, 0.17139, 0.17139, 0.17174, 0.17166, 0.17174, 0.17131, 0.17084, 0.17104, 0.17052, 0.17007, 0.16943, 0.16903, 0.16933, 0.16924, 0.16847, 0.16825, 0.16804, 0.16747, 0.16695, 0.16711, 0.16663, 0.16597, 0.16542, 0.16548, 0.1649, 0.16421, 0.16348, 0.16314, 0.16286, 0.16249, 0.16198, 0.1617, 0.16047, 0.15983, 0.15911, 0.15874, 0.15818, 0.15706]
[0.00541, 0.00636, 0.00721, 0.00853, 0.01015, 0.01186, 0.01339, 0.01448, 0.01634, 0.0201, 0.02838, 0.04438, 0.06891, 0.10058, 0.1231, 0.1347, 0.13838, 0.14052, 0.14238, 0.14402, 0.14641, 0.14888, 0.15094, 0.15256, 0.15441, 0.15683, 0.15865, 0.16078, 0.16179, 0.16291, 0.16371, 0.16496, 0.16634, 0.16714, 0.16824, 0.16815, 0.16893, 0.16994, 0.17066, 0.17059, 0.17014, 0.17087, 0.17084, 0.1711, 0.17141, 0.17162, 0.17183, 0.17139, 0.17139, 0.17174, 0.17166, 0.17174, 0.17131, 0.17084, 0.17104, 0.17052, 0.17007, 0.16943, 0.16903, 0.16933, 0.16924, 0.16847, 0.16825, 0.16804, 0.16747, 0.16695, 0.16711, 0.16663, 0.16597, 0.16542, 0.16548, 0.1649, 0.16421, 0.16348, 0.16314, 0.16286, 0.16249, 0.16198, 0.1617, 0.16047, 0.15983, 0.15911, 0.15874, 0.15818, 0.15706, 0.15592]
[0.00541, 0.00636, 0.00721, 0.00853, 0.01015, 0.01186, 0.01339, 0.01448, 0.01634, 0.0201, 0.02838, 0.04438, 0.06891, 0.10058, 0.1231, 0.1347, 0.13838, 0.14052, 0.14238, 0.14402, 0.14641, 0.14888, 0.15094, 0.15256, 0.15441, 0.15683, 0.15865, 0.16078, 0.16179, 0.16291, 0.16371, 0.16496, 0.16634, 0.16714, 0.16824, 0.16815, 0.16893, 0.16994, 0.17066, 0.17059, 0.17014, 0.17087, 0.17084, 0.1711, 0.17141, 0.17162, 0.17183, 0.17139, 0.17139, 0.17174, 0.17166, 0.17174, 0.17131, 0.17084, 0.17104, 0.17052, 0.17007, 0.16943, 0.16903, 0.16933, 0.16924, 0.16847, 0.16825, 0.16804, 0.16747, 0.16695, 0.16711, 0.16663, 0.16597, 0.16542, 0.16548, 0.1649, 0.16421, 0.16348, 0.16314, 0.16286, 0.16249, 0.16198, 0.1617, 0.16047, 0.15983, 0.15911, 0.15874, 0.15818, 0.15706, 0.15592, 0.15538]
[0.00541, 0.00636, 0.00721, 0.00853, 0.01015, 0.01186, 0.01339, 0.01448, 0.01634, 0.0201, 0.02838, 0.04438, 0.06891, 0.10058, 0.1231, 0.1347, 0.13838, 0.14052, 0.14238, 0.14402, 0.14641, 0.14888, 0.15094, 0.15256, 0.15441, 0.15683, 0.15865, 0.16078, 0.16179, 0.16291, 0.16371, 0.16496, 0.16634, 0.16714, 0.16824, 0.16815, 0.16893, 0.16994, 0.17066, 0.17059, 0.17014, 0.17087, 0.17084, 0.1711, 0.17141, 0.17162, 0.17183, 0.17139, 0.17139, 0.17174, 0.17166, 0.17174, 0.17131, 0.17084, 0.17104, 0.17052, 0.17007, 0.16943, 0.16903, 0.16933, 0.16924, 0.16847, 0.16825, 0.16804, 0.16747, 0.16695, 0.16711, 0.16663, 0.16597, 0.16542, 0.16548, 0.1649, 0.16421, 0.16348, 0.16314, 0.16286, 0.16249, 0.16198, 0.1617, 0.16047, 0.15983, 0.15911, 0.15874, 0.15818, 0.15706, 0.15592, 0.15538, 0.15483]
[0.00541, 0.00636, 0.00721, 0.00853, 0.01015, 0.01186, 0.01339, 0.01448, 0.01634, 0.0201, 0.02838, 0.04438, 0.06891, 0.10058, 0.1231, 0.1347, 0.13838, 0.14052, 0.14238, 0.14402, 0.14641, 0.14888, 0.15094, 0.15256, 0.15441, 0.15683, 0.15865, 0.16078, 0.16179, 0.16291, 0.16371, 0.16496, 0.16634, 0.16714, 0.16824, 0.16815, 0.16893, 0.16994, 0.17066, 0.17059, 0.17014, 0.17087, 0.17084, 0.1711, 0.17141, 0.17162, 0.17183, 0.17139, 0.17139, 0.17174, 0.17166, 0.17174, 0.17131, 0.17084, 0.17104, 0.17052, 0.17007, 0.16943, 0.16903, 0.16933, 0.16924, 0.16847, 0.16825, 0.16804, 0.16747, 0.16695, 0.16711, 0.16663, 0.16597, 0.16542, 0.16548, 0.1649, 0.16421, 0.16348, 0.16314, 0.16286, 0.16249, 0.16198, 0.1617, 0.16047, 0.15983, 0.15911, 0.15874, 0.15818, 0.15706, 0.15592, 0.15538, 0.15483, 0.15403]
[0.00541, 0.00636, 0.00721, 0.00853, 0.01015, 0.01186, 0.01339, 0.01448, 0.01634, 0.0201, 0.02838, 0.04438, 0.06891, 0.10058, 0.1231, 0.1347, 0.13838, 0.14052, 0.14238, 0.14402, 0.14641, 0.14888, 0.15094, 0.15256, 0.15441, 0.15683, 0.15865, 0.16078, 0.16179, 0.16291, 0.16371, 0.16496, 0.16634, 0.16714, 0.16824, 0.16815, 0.16893, 0.16994, 0.17066, 0.17059, 0.17014, 0.17087, 0.17084, 0.1711, 0.17141, 0.17162, 0.17183, 0.17139, 0.17139, 0.17174, 0.17166, 0.17174, 0.17131, 0.17084, 0.17104, 0.17052, 0.17007, 0.16943, 0.16903, 0.16933, 0.16924, 0.16847, 0.16825, 0.16804, 0.16747, 0.16695, 0.16711, 0.16663, 0.16597, 0.16542, 0.16548, 0.1649, 0.16421, 0.16348, 0.16314, 0.16286, 0.16249, 0.16198, 0.1617, 0.16047, 0.15983, 0.15911, 0.15874, 0.15818, 0.15706, 0.15592, 0.15538, 0.15483, 0.15403, 0.15332]
[0.00541, 0.00636, 0.00721, 0.00853, 0.01015, 0.01186, 0.01339, 0.01448, 0.01634, 0.0201, 0.02838, 0.04438, 0.06891, 0.10058, 0.1231, 0.1347, 0.13838, 0.14052, 0.14238, 0.14402, 0.14641, 0.14888, 0.15094, 0.15256, 0.15441, 0.15683, 0.15865, 0.16078, 0.16179, 0.16291, 0.16371, 0.16496, 0.16634, 0.16714, 0.16824, 0.16815, 0.16893, 0.16994, 0.17066, 0.17059, 0.17014, 0.17087, 0.17084, 0.1711, 0.17141, 0.17162, 0.17183, 0.17139, 0.17139, 0.17174, 0.17166, 0.17174, 0.17131, 0.17084, 0.17104, 0.17052, 0.17007, 0.16943, 0.16903, 0.16933, 0.16924, 0.16847, 0.16825, 0.16804, 0.16747, 0.16695, 0.16711, 0.16663, 0.16597, 0.16542, 0.16548, 0.1649, 0.16421, 0.16348, 0.16314, 0.16286, 0.16249, 0.16198, 0.1617, 0.16047, 0.15983, 0.15911, 0.15874, 0.15818, 0.15706, 0.15592, 0.15538, 0.15483, 0.15403, 0.15332, 0.15237]
[0.00541, 0.00636, 0.00721, 0.00853, 0.01015, 0.01186, 0.01339, 0.01448, 0.01634, 0.0201, 0.02838, 0.04438, 0.06891, 0.10058, 0.1231, 0.1347, 0.13838, 0.14052, 0.14238, 0.14402, 0.14641, 0.14888, 0.15094, 0.15256, 0.15441, 0.15683, 0.15865, 0.16078, 0.16179, 0.16291, 0.16371, 0.16496, 0.16634, 0.16714, 0.16824, 0.16815, 0.16893, 0.16994, 0.17066, 0.17059, 0.17014, 0.17087, 0.17084, 0.1711, 0.17141, 0.17162, 0.17183, 0.17139, 0.17139, 0.17174, 0.17166, 0.17174, 0.17131, 0.17084, 0.17104, 0.17052, 0.17007, 0.16943, 0.16903, 0.16933, 0.16924, 0.16847, 0.16825, 0.16804, 0.16747, 0.16695, 0.16711, 0.16663, 0.16597, 0.16542, 0.16548, 0.1649, 0.16421, 0.16348, 0.16314, 0.16286, 0.16249, 0.16198, 0.1617, 0.16047, 0.15983, 0.15911, 0.15874, 0.15818, 0.15706, 0.15592, 0.15538, 0.15483, 0.15403, 0.15332, 0.15237, 0.15151]
[0.00541, 0.00636, 0.00721, 0.00853, 0.01015, 0.01186, 0.01339, 0.01448, 0.01634, 0.0201, 0.02838, 0.04438, 0.06891, 0.10058, 0.1231, 0.1347, 0.13838, 0.14052, 0.14238, 0.14402, 0.14641, 0.14888, 0.15094, 0.15256, 0.15441, 0.15683, 0.15865, 0.16078, 0.16179, 0.16291, 0.16371, 0.16496, 0.16634, 0.16714, 0.16824, 0.16815, 0.16893, 0.16994, 0.17066, 0.17059, 0.17014, 0.17087, 0.17084, 0.1711, 0.17141, 0.17162, 0.17183, 0.17139, 0.17139, 0.17174, 0.17166, 0.17174, 0.17131, 0.17084, 0.17104, 0.17052, 0.17007, 0.16943, 0.16903, 0.16933, 0.16924, 0.16847, 0.16825, 0.16804, 0.16747, 0.16695, 0.16711, 0.16663, 0.16597, 0.16542, 0.16548, 0.1649, 0.16421, 0.16348, 0.16314, 0.16286, 0.16249, 0.16198, 0.1617, 0.16047, 0.15983, 0.15911, 0.15874, 0.15818, 0.15706, 0.15592, 0.15538, 0.15483, 0.15403, 0.15332, 0.15237, 0.15151, 0.15035]
[0.00541, 0.00636, 0.00721, 0.00853, 0.01015, 0.01186, 0.01339, 0.01448, 0.01634, 0.0201, 0.02838, 0.04438, 0.06891, 0.10058, 0.1231, 0.1347, 0.13838, 0.14052, 0.14238, 0.14402, 0.14641, 0.14888, 0.15094, 0.15256, 0.15441, 0.15683, 0.15865, 0.16078, 0.16179, 0.16291, 0.16371, 0.16496, 0.16634, 0.16714, 0.16824, 0.16815, 0.16893, 0.16994, 0.17066, 0.17059, 0.17014, 0.17087, 0.17084, 0.1711, 0.17141, 0.17162, 0.17183, 0.17139, 0.17139, 0.17174, 0.17166, 0.17174, 0.17131, 0.17084, 0.17104, 0.17052, 0.17007, 0.16943, 0.16903, 0.16933, 0.16924, 0.16847, 0.16825, 0.16804, 0.16747, 0.16695, 0.16711, 0.16663, 0.16597, 0.16542, 0.16548, 0.1649, 0.16421, 0.16348, 0.16314, 0.16286, 0.16249, 0.16198, 0.1617, 0.16047, 0.15983, 0.15911, 0.15874, 0.15818, 0.15706, 0.15592, 0.15538, 0.15483, 0.15403, 0.15332, 0.15237, 0.15151, 0.15035, 0.149]
[0.00541, 0.00636, 0.00721, 0.00853, 0.01015, 0.01186, 0.01339, 0.01448, 0.01634, 0.0201, 0.02838, 0.04438, 0.06891, 0.10058, 0.1231, 0.1347, 0.13838, 0.14052, 0.14238, 0.14402, 0.14641, 0.14888, 0.15094, 0.15256, 0.15441, 0.15683, 0.15865, 0.16078, 0.16179, 0.16291, 0.16371, 0.16496, 0.16634, 0.16714, 0.16824, 0.16815, 0.16893, 0.16994, 0.17066, 0.17059, 0.17014, 0.17087, 0.17084, 0.1711, 0.17141, 0.17162, 0.17183, 0.17139, 0.17139, 0.17174, 0.17166, 0.17174, 0.17131, 0.17084, 0.17104, 0.17052, 0.17007, 0.16943, 0.16903, 0.16933, 0.16924, 0.16847, 0.16825, 0.16804, 0.16747, 0.16695, 0.16711, 0.16663, 0.16597, 0.16542, 0.16548, 0.1649, 0.16421, 0.16348, 0.16314, 0.16286, 0.16249, 0.16198, 0.1617, 0.16047, 0.15983, 0.15911, 0.15874, 0.15818, 0.15706, 0.15592, 0.15538, 0.15483, 0.15403, 0.15332, 0.15237, 0.15151, 0.15035, 0.149, 0.14851]
