[0.00844]
[0.00844, 0.01033]
[0.00844, 0.01033, 0.01496]
[0.00844, 0.01033, 0.01496, 0.01904]
[0.00844, 0.01033, 0.01496, 0.01904, 0.02457]
[0.00844, 0.01033, 0.01496, 0.01904, 0.02457, 0.02983]
[0.00844, 0.01033, 0.01496, 0.01904, 0.02457, 0.02983, 0.03549]
[0.00844, 0.01033, 0.01496, 0.01904, 0.02457, 0.02983, 0.03549, 0.03944]
[0.00844, 0.01033, 0.01496, 0.01904, 0.02457, 0.02983, 0.03549, 0.03944, 0.04293]
[0.00844, 0.01033, 0.01496, 0.01904, 0.02457, 0.02983, 0.03549, 0.03944, 0.04293, 0.04883]
[0.00844, 0.01033, 0.01496, 0.01904, 0.02457, 0.02983, 0.03549, 0.03944, 0.04293, 0.04883, 0.06096]
[0.00844, 0.01033, 0.01496, 0.01904, 0.02457, 0.02983, 0.03549, 0.03944, 0.04293, 0.04883, 0.06096, 0.08185]
[0.00844, 0.01033, 0.01496, 0.01904, 0.02457, 0.02983, 0.03549, 0.03944, 0.04293, 0.04883, 0.06096, 0.08185, 0.11001]
[0.00844, 0.01033, 0.01496, 0.01904, 0.02457, 0.02983, 0.03549, 0.03944, 0.04293, 0.04883, 0.06096, 0.08185, 0.11001, 0.13177]
[0.00844, 0.01033, 0.01496, 0.01904, 0.02457, 0.02983, 0.03549, 0.03944, 0.04293, 0.04883, 0.06096, 0.08185, 0.11001, 0.13177, 0.14158]
[0.00844, 0.01033, 0.01496, 0.01904, 0.02457, 0.02983, 0.03549, 0.03944, 0.04293, 0.04883, 0.06096, 0.08185, 0.11001, 0.13177, 0.14158, 0.14154]
[0.00844, 0.01033, 0.01496, 0.01904, 0.02457, 0.02983, 0.03549, 0.03944, 0.04293, 0.04883, 0.06096, 0.08185, 0.11001, 0.13177, 0.14158, 0.14154, 0.14184]
[0.00844, 0.01033, 0.01496, 0.01904, 0.02457, 0.02983, 0.03549, 0.03944, 0.04293, 0.04883, 0.06096, 0.08185, 0.11001, 0.13177, 0.14158, 0.14154, 0.14184, 0.14289]
[0.00844, 0.01033, 0.01496, 0.01904, 0.02457, 0.02983, 0.03549, 0.03944, 0.04293, 0.04883, 0.06096, 0.08185, 0.11001, 0.13177, 0.14158, 0.14154, 0.14184, 0.14289, 0.1449]
[0.00844, 0.01033, 0.01496, 0.01904, 0.02457, 0.02983, 0.03549, 0.03944, 0.04293, 0.04883, 0.06096, 0.08185, 0.11001, 0.13177, 0.14158, 0.14154, 0.14184, 0.14289, 0.1449, 0.14744]
[0.00844, 0.01033, 0.01496, 0.01904, 0.02457, 0.02983, 0.03549, 0.03944, 0.04293, 0.04883, 0.06096, 0.08185, 0.11001, 0.13177, 0.14158, 0.14154, 0.14184, 0.14289, 0.1449, 0.14744, 0.15001]
[0.00844, 0.01033, 0.01496, 0.01904, 0.02457, 0.02983, 0.03549, 0.03944, 0.04293, 0.04883, 0.06096, 0.08185, 0.11001, 0.13177, 0.14158, 0.14154, 0.14184, 0.14289, 0.1449, 0.14744, 0.15001, 0.15216]
[0.00844, 0.01033, 0.01496, 0.01904, 0.02457, 0.02983, 0.03549, 0.03944, 0.04293, 0.04883, 0.06096, 0.08185, 0.11001, 0.13177, 0.14158, 0.14154, 0.14184, 0.14289, 0.1449, 0.14744, 0.15001, 0.15216, 0.15456]
[0.00844, 0.01033, 0.01496, 0.01904, 0.02457, 0.02983, 0.03549, 0.03944, 0.04293, 0.04883, 0.06096, 0.08185, 0.11001, 0.13177, 0.14158, 0.14154, 0.14184, 0.14289, 0.1449, 0.14744, 0.15001, 0.15216, 0.15456, 0.1569]
[0.00844, 0.01033, 0.01496, 0.01904, 0.02457, 0.02983, 0.03549, 0.03944, 0.04293, 0.04883, 0.06096, 0.08185, 0.11001, 0.13177, 0.14158, 0.14154, 0.14184, 0.14289, 0.1449, 0.14744, 0.15001, 0.15216, 0.15456, 0.1569, 0.15835]
[0.00844, 0.01033, 0.01496, 0.01904, 0.02457, 0.02983, 0.03549, 0.03944, 0.04293, 0.04883, 0.06096, 0.08185, 0.11001, 0.13177, 0.14158, 0.14154, 0.14184, 0.14289, 0.1449, 0.14744, 0.15001, 0.15216, 0.15456, 0.1569, 0.15835, 0.1602]
[0.00844, 0.01033, 0.01496, 0.01904, 0.02457, 0.02983, 0.03549, 0.03944, 0.04293, 0.04883, 0.06096, 0.08185, 0.11001, 0.13177, 0.14158, 0.14154, 0.14184, 0.14289, 0.1449, 0.14744, 0.15001, 0.15216, 0.15456, 0.1569, 0.15835, 0.1602, 0.16248]
[0.00844, 0.01033, 0.01496, 0.01904, 0.02457, 0.02983, 0.03549, 0.03944, 0.04293, 0.04883, 0.06096, 0.08185, 0.11001, 0.13177, 0.14158, 0.14154, 0.14184, 0.14289, 0.1449, 0.14744, 0.15001, 0.15216, 0.15456, 0.1569, 0.15835, 0.1602, 0.16248, 0.16413]
[0.00844, 0.01033, 0.01496, 0.01904, 0.02457, 0.02983, 0.03549, 0.03944, 0.04293, 0.04883, 0.06096, 0.08185, 0.11001, 0.13177, 0.14158, 0.14154, 0.14184, 0.14289, 0.1449, 0.14744, 0.15001, 0.15216, 0.15456, 0.1569, 0.15835, 0.1602, 0.16248, 0.16413, 0.16502]
[0.00844, 0.01033, 0.01496, 0.01904, 0.02457, 0.02983, 0.03549, 0.03944, 0.04293, 0.04883, 0.06096, 0.08185, 0.11001, 0.13177, 0.14158, 0.14154, 0.14184, 0.14289, 0.1449, 0.14744, 0.15001, 0.15216, 0.15456, 0.1569, 0.15835, 0.1602, 0.16248, 0.16413, 0.16502, 0.16559]
[0.00844, 0.01033, 0.01496, 0.01904, 0.02457, 0.02983, 0.03549, 0.03944, 0.04293, 0.04883, 0.06096, 0.08185, 0.11001, 0.13177, 0.14158, 0.14154, 0.14184, 0.14289, 0.1449, 0.14744, 0.15001, 0.15216, 0.15456, 0.1569, 0.15835, 0.1602, 0.16248, 0.16413, 0.16502, 0.16559, 0.1666]
[0.00844, 0.01033, 0.01496, 0.01904, 0.02457, 0.02983, 0.03549, 0.03944, 0.04293, 0.04883, 0.06096, 0.08185, 0.11001, 0.13177, 0.14158, 0.14154, 0.14184, 0.14289, 0.1449, 0.14744, 0.15001, 0.15216, 0.15456, 0.1569, 0.15835, 0.1602, 0.16248, 0.16413, 0.16502, 0.16559, 0.1666, 0.16724]
[0.00844, 0.01033, 0.01496, 0.01904, 0.02457, 0.02983, 0.03549, 0.03944, 0.04293, 0.04883, 0.06096, 0.08185, 0.11001, 0.13177, 0.14158, 0.14154, 0.14184, 0.14289, 0.1449, 0.14744, 0.15001, 0.15216, 0.15456, 0.1569, 0.15835, 0.1602, 0.16248, 0.16413, 0.16502, 0.16559, 0.1666, 0.16724, 0.16785]
[0.00844, 0.01033, 0.01496, 0.01904, 0.02457, 0.02983, 0.03549, 0.03944, 0.04293, 0.04883, 0.06096, 0.08185, 0.11001, 0.13177, 0.14158, 0.14154, 0.14184, 0.14289, 0.1449, 0.14744, 0.15001, 0.15216, 0.15456, 0.1569, 0.15835, 0.1602, 0.16248, 0.16413, 0.16502, 0.16559, 0.1666, 0.16724, 0.16785, 0.1681]
[0.00844, 0.01033, 0.01496, 0.01904, 0.02457, 0.02983, 0.03549, 0.03944, 0.04293, 0.04883, 0.06096, 0.08185, 0.11001, 0.13177, 0.14158, 0.14154, 0.14184, 0.14289, 0.1449, 0.14744, 0.15001, 0.15216, 0.15456, 0.1569, 0.15835, 0.1602, 0.16248, 0.16413, 0.16502, 0.16559, 0.1666, 0.16724, 0.16785, 0.1681, 0.16861]
[0.00844, 0.01033, 0.01496, 0.01904, 0.02457, 0.02983, 0.03549, 0.03944, 0.04293, 0.04883, 0.06096, 0.08185, 0.11001, 0.13177, 0.14158, 0.14154, 0.14184, 0.14289, 0.1449, 0.14744, 0.15001, 0.15216, 0.15456, 0.1569, 0.15835, 0.1602, 0.16248, 0.16413, 0.16502, 0.16559, 0.1666, 0.16724, 0.16785, 0.1681, 0.16861, 0.16908]
[0.00844, 0.01033, 0.01496, 0.01904, 0.02457, 0.02983, 0.03549, 0.03944, 0.04293, 0.04883, 0.06096, 0.08185, 0.11001, 0.13177, 0.14158, 0.14154, 0.14184, 0.14289, 0.1449, 0.14744, 0.15001, 0.15216, 0.15456, 0.1569, 0.15835, 0.1602, 0.16248, 0.16413, 0.16502, 0.16559, 0.1666, 0.16724, 0.16785, 0.1681, 0.16861, 0.16908, 0.16998]
[0.00844, 0.01033, 0.01496, 0.01904, 0.02457, 0.02983, 0.03549, 0.03944, 0.04293, 0.04883, 0.06096, 0.08185, 0.11001, 0.13177, 0.14158, 0.14154, 0.14184, 0.14289, 0.1449, 0.14744, 0.15001, 0.15216, 0.15456, 0.1569, 0.15835, 0.1602, 0.16248, 0.16413, 0.16502, 0.16559, 0.1666, 0.16724, 0.16785, 0.1681, 0.16861, 0.16908, 0.16998, 0.17011]
[0.00844, 0.01033, 0.01496, 0.01904, 0.02457, 0.02983, 0.03549, 0.03944, 0.04293, 0.04883, 0.06096, 0.08185, 0.11001, 0.13177, 0.14158, 0.14154, 0.14184, 0.14289, 0.1449, 0.14744, 0.15001, 0.15216, 0.15456, 0.1569, 0.15835, 0.1602, 0.16248, 0.16413, 0.16502, 0.16559, 0.1666, 0.16724, 0.16785, 0.1681, 0.16861, 0.16908, 0.16998, 0.17011, 0.17066]
[0.00844, 0.01033, 0.01496, 0.01904, 0.02457, 0.02983, 0.03549, 0.03944, 0.04293, 0.04883, 0.06096, 0.08185, 0.11001, 0.13177, 0.14158, 0.14154, 0.14184, 0.14289, 0.1449, 0.14744, 0.15001, 0.15216, 0.15456, 0.1569, 0.15835, 0.1602, 0.16248, 0.16413, 0.16502, 0.16559, 0.1666, 0.16724, 0.16785, 0.1681, 0.16861, 0.16908, 0.16998, 0.17011, 0.17066, 0.17067]
[0.00844, 0.01033, 0.01496, 0.01904, 0.02457, 0.02983, 0.03549, 0.03944, 0.04293, 0.04883, 0.06096, 0.08185, 0.11001, 0.13177, 0.14158, 0.14154, 0.14184, 0.14289, 0.1449, 0.14744, 0.15001, 0.15216, 0.15456, 0.1569, 0.15835, 0.1602, 0.16248, 0.16413, 0.16502, 0.16559, 0.1666, 0.16724, 0.16785, 0.1681, 0.16861, 0.16908, 0.16998, 0.17011, 0.17066, 0.17067, 0.1712]
[0.00844, 0.01033, 0.01496, 0.01904, 0.02457, 0.02983, 0.03549, 0.03944, 0.04293, 0.04883, 0.06096, 0.08185, 0.11001, 0.13177, 0.14158, 0.14154, 0.14184, 0.14289, 0.1449, 0.14744, 0.15001, 0.15216, 0.15456, 0.1569, 0.15835, 0.1602, 0.16248, 0.16413, 0.16502, 0.16559, 0.1666, 0.16724, 0.16785, 0.1681, 0.16861, 0.16908, 0.16998, 0.17011, 0.17066, 0.17067, 0.1712, 0.17146]
[0.00844, 0.01033, 0.01496, 0.01904, 0.02457, 0.02983, 0.03549, 0.03944, 0.04293, 0.04883, 0.06096, 0.08185, 0.11001, 0.13177, 0.14158, 0.14154, 0.14184, 0.14289, 0.1449, 0.14744, 0.15001, 0.15216, 0.15456, 0.1569, 0.15835, 0.1602, 0.16248, 0.16413, 0.16502, 0.16559, 0.1666, 0.16724, 0.16785, 0.1681, 0.16861, 0.16908, 0.16998, 0.17011, 0.17066, 0.17067, 0.1712, 0.17146, 0.17124]
[0.00844, 0.01033, 0.01496, 0.01904, 0.02457, 0.02983, 0.03549, 0.03944, 0.04293, 0.04883, 0.06096, 0.08185, 0.11001, 0.13177, 0.14158, 0.14154, 0.14184, 0.14289, 0.1449, 0.14744, 0.15001, 0.15216, 0.15456, 0.1569, 0.15835, 0.1602, 0.16248, 0.16413, 0.16502, 0.16559, 0.1666, 0.16724, 0.16785, 0.1681, 0.16861, 0.16908, 0.16998, 0.17011, 0.17066, 0.17067, 0.1712, 0.17146, 0.17124, 0.17185]
[0.00844, 0.01033, 0.01496, 0.01904, 0.02457, 0.02983, 0.03549, 0.03944, 0.04293, 0.04883, 0.06096, 0.08185, 0.11001, 0.13177, 0.14158, 0.14154, 0.14184, 0.14289, 0.1449, 0.14744, 0.15001, 0.15216, 0.15456, 0.1569, 0.15835, 0.1602, 0.16248, 0.16413, 0.16502, 0.16559, 0.1666, 0.16724, 0.16785, 0.1681, 0.16861, 0.16908, 0.16998, 0.17011, 0.17066, 0.17067, 0.1712, 0.17146, 0.17124, 0.17185, 0.1718]
[0.00844, 0.01033, 0.01496, 0.01904, 0.02457, 0.02983, 0.03549, 0.03944, 0.04293, 0.04883, 0.06096, 0.08185, 0.11001, 0.13177, 0.14158, 0.14154, 0.14184, 0.14289, 0.1449, 0.14744, 0.15001, 0.15216, 0.15456, 0.1569, 0.15835, 0.1602, 0.16248, 0.16413, 0.16502, 0.16559, 0.1666, 0.16724, 0.16785, 0.1681, 0.16861, 0.16908, 0.16998, 0.17011, 0.17066, 0.17067, 0.1712, 0.17146, 0.17124, 0.17185, 0.1718, 0.17214]
[0.00844, 0.01033, 0.01496, 0.01904, 0.02457, 0.02983, 0.03549, 0.03944, 0.04293, 0.04883, 0.06096, 0.08185, 0.11001, 0.13177, 0.14158, 0.14154, 0.14184, 0.14289, 0.1449, 0.14744, 0.15001, 0.15216, 0.15456, 0.1569, 0.15835, 0.1602, 0.16248, 0.16413, 0.16502, 0.16559, 0.1666, 0.16724, 0.16785, 0.1681, 0.16861, 0.16908, 0.16998, 0.17011, 0.17066, 0.17067, 0.1712, 0.17146, 0.17124, 0.17185, 0.1718, 0.17214, 0.17214]
[0.00844, 0.01033, 0.01496, 0.01904, 0.02457, 0.02983, 0.03549, 0.03944, 0.04293, 0.04883, 0.06096, 0.08185, 0.11001, 0.13177, 0.14158, 0.14154, 0.14184, 0.14289, 0.1449, 0.14744, 0.15001, 0.15216, 0.15456, 0.1569, 0.15835, 0.1602, 0.16248, 0.16413, 0.16502, 0.16559, 0.1666, 0.16724, 0.16785, 0.1681, 0.16861, 0.16908, 0.16998, 0.17011, 0.17066, 0.17067, 0.1712, 0.17146, 0.17124, 0.17185, 0.1718, 0.17214, 0.17214, 0.17259]
[0.00844, 0.01033, 0.01496, 0.01904, 0.02457, 0.02983, 0.03549, 0.03944, 0.04293, 0.04883, 0.06096, 0.08185, 0.11001, 0.13177, 0.14158, 0.14154, 0.14184, 0.14289, 0.1449, 0.14744, 0.15001, 0.15216, 0.15456, 0.1569, 0.15835, 0.1602, 0.16248, 0.16413, 0.16502, 0.16559, 0.1666, 0.16724, 0.16785, 0.1681, 0.16861, 0.16908, 0.16998, 0.17011, 0.17066, 0.17067, 0.1712, 0.17146, 0.17124, 0.17185, 0.1718, 0.17214, 0.17214, 0.17259, 0.17231]
[0.00844, 0.01033, 0.01496, 0.01904, 0.02457, 0.02983, 0.03549, 0.03944, 0.04293, 0.04883, 0.06096, 0.08185, 0.11001, 0.13177, 0.14158, 0.14154, 0.14184, 0.14289, 0.1449, 0.14744, 0.15001, 0.15216, 0.15456, 0.1569, 0.15835, 0.1602, 0.16248, 0.16413, 0.16502, 0.16559, 0.1666, 0.16724, 0.16785, 0.1681, 0.16861, 0.16908, 0.16998, 0.17011, 0.17066, 0.17067, 0.1712, 0.17146, 0.17124, 0.17185, 0.1718, 0.17214, 0.17214, 0.17259, 0.17231, 0.17224]
[0.00844, 0.01033, 0.01496, 0.01904, 0.02457, 0.02983, 0.03549, 0.03944, 0.04293, 0.04883, 0.06096, 0.08185, 0.11001, 0.13177, 0.14158, 0.14154, 0.14184, 0.14289, 0.1449, 0.14744, 0.15001, 0.15216, 0.15456, 0.1569, 0.15835, 0.1602, 0.16248, 0.16413, 0.16502, 0.16559, 0.1666, 0.16724, 0.16785, 0.1681, 0.16861, 0.16908, 0.16998, 0.17011, 0.17066, 0.17067, 0.1712, 0.17146, 0.17124, 0.17185, 0.1718, 0.17214, 0.17214, 0.17259, 0.17231, 0.17224, 0.17195]
[0.00844, 0.01033, 0.01496, 0.01904, 0.02457, 0.02983, 0.03549, 0.03944, 0.04293, 0.04883, 0.06096, 0.08185, 0.11001, 0.13177, 0.14158, 0.14154, 0.14184, 0.14289, 0.1449, 0.14744, 0.15001, 0.15216, 0.15456, 0.1569, 0.15835, 0.1602, 0.16248, 0.16413, 0.16502, 0.16559, 0.1666, 0.16724, 0.16785, 0.1681, 0.16861, 0.16908, 0.16998, 0.17011, 0.17066, 0.17067, 0.1712, 0.17146, 0.17124, 0.17185, 0.1718, 0.17214, 0.17214, 0.17259, 0.17231, 0.17224, 0.17195, 0.1716]
[0.00844, 0.01033, 0.01496, 0.01904, 0.02457, 0.02983, 0.03549, 0.03944, 0.04293, 0.04883, 0.06096, 0.08185, 0.11001, 0.13177, 0.14158, 0.14154, 0.14184, 0.14289, 0.1449, 0.14744, 0.15001, 0.15216, 0.15456, 0.1569, 0.15835, 0.1602, 0.16248, 0.16413, 0.16502, 0.16559, 0.1666, 0.16724, 0.16785, 0.1681, 0.16861, 0.16908, 0.16998, 0.17011, 0.17066, 0.17067, 0.1712, 0.17146, 0.17124, 0.17185, 0.1718, 0.17214, 0.17214, 0.17259, 0.17231, 0.17224, 0.17195, 0.1716, 0.17113]
[0.00844, 0.01033, 0.01496, 0.01904, 0.02457, 0.02983, 0.03549, 0.03944, 0.04293, 0.04883, 0.06096, 0.08185, 0.11001, 0.13177, 0.14158, 0.14154, 0.14184, 0.14289, 0.1449, 0.14744, 0.15001, 0.15216, 0.15456, 0.1569, 0.15835, 0.1602, 0.16248, 0.16413, 0.16502, 0.16559, 0.1666, 0.16724, 0.16785, 0.1681, 0.16861, 0.16908, 0.16998, 0.17011, 0.17066, 0.17067, 0.1712, 0.17146, 0.17124, 0.17185, 0.1718, 0.17214, 0.17214, 0.17259, 0.17231, 0.17224, 0.17195, 0.1716, 0.17113, 0.17128]
[0.00844, 0.01033, 0.01496, 0.01904, 0.02457, 0.02983, 0.03549, 0.03944, 0.04293, 0.04883, 0.06096, 0.08185, 0.11001, 0.13177, 0.14158, 0.14154, 0.14184, 0.14289, 0.1449, 0.14744, 0.15001, 0.15216, 0.15456, 0.1569, 0.15835, 0.1602, 0.16248, 0.16413, 0.16502, 0.16559, 0.1666, 0.16724, 0.16785, 0.1681, 0.16861, 0.16908, 0.16998, 0.17011, 0.17066, 0.17067, 0.1712, 0.17146, 0.17124, 0.17185, 0.1718, 0.17214, 0.17214, 0.17259, 0.17231, 0.17224, 0.17195, 0.1716, 0.17113, 0.17128, 0.17162]
[0.00844, 0.01033, 0.01496, 0.01904, 0.02457, 0.02983, 0.03549, 0.03944, 0.04293, 0.04883, 0.06096, 0.08185, 0.11001, 0.13177, 0.14158, 0.14154, 0.14184, 0.14289, 0.1449, 0.14744, 0.15001, 0.15216, 0.15456, 0.1569, 0.15835, 0.1602, 0.16248, 0.16413, 0.16502, 0.16559, 0.1666, 0.16724, 0.16785, 0.1681, 0.16861, 0.16908, 0.16998, 0.17011, 0.17066, 0.17067, 0.1712, 0.17146, 0.17124, 0.17185, 0.1718, 0.17214, 0.17214, 0.17259, 0.17231, 0.17224, 0.17195, 0.1716, 0.17113, 0.17128, 0.17162, 0.17115]
[0.00844, 0.01033, 0.01496, 0.01904, 0.02457, 0.02983, 0.03549, 0.03944, 0.04293, 0.04883, 0.06096, 0.08185, 0.11001, 0.13177, 0.14158, 0.14154, 0.14184, 0.14289, 0.1449, 0.14744, 0.15001, 0.15216, 0.15456, 0.1569, 0.15835, 0.1602, 0.16248, 0.16413, 0.16502, 0.16559, 0.1666, 0.16724, 0.16785, 0.1681, 0.16861, 0.16908, 0.16998, 0.17011, 0.17066, 0.17067, 0.1712, 0.17146, 0.17124, 0.17185, 0.1718, 0.17214, 0.17214, 0.17259, 0.17231, 0.17224, 0.17195, 0.1716, 0.17113, 0.17128, 0.17162, 0.17115, 0.17093]
[0.00844, 0.01033, 0.01496, 0.01904, 0.02457, 0.02983, 0.03549, 0.03944, 0.04293, 0.04883, 0.06096, 0.08185, 0.11001, 0.13177, 0.14158, 0.14154, 0.14184, 0.14289, 0.1449, 0.14744, 0.15001, 0.15216, 0.15456, 0.1569, 0.15835, 0.1602, 0.16248, 0.16413, 0.16502, 0.16559, 0.1666, 0.16724, 0.16785, 0.1681, 0.16861, 0.16908, 0.16998, 0.17011, 0.17066, 0.17067, 0.1712, 0.17146, 0.17124, 0.17185, 0.1718, 0.17214, 0.17214, 0.17259, 0.17231, 0.17224, 0.17195, 0.1716, 0.17113, 0.17128, 0.17162, 0.17115, 0.17093, 0.17087]
[0.00844, 0.01033, 0.01496, 0.01904, 0.02457, 0.02983, 0.03549, 0.03944, 0.04293, 0.04883, 0.06096, 0.08185, 0.11001, 0.13177, 0.14158, 0.14154, 0.14184, 0.14289, 0.1449, 0.14744, 0.15001, 0.15216, 0.15456, 0.1569, 0.15835, 0.1602, 0.16248, 0.16413, 0.16502, 0.16559, 0.1666, 0.16724, 0.16785, 0.1681, 0.16861, 0.16908, 0.16998, 0.17011, 0.17066, 0.17067, 0.1712, 0.17146, 0.17124, 0.17185, 0.1718, 0.17214, 0.17214, 0.17259, 0.17231, 0.17224, 0.17195, 0.1716, 0.17113, 0.17128, 0.17162, 0.17115, 0.17093, 0.17087, 0.17091]
[0.00844, 0.01033, 0.01496, 0.01904, 0.02457, 0.02983, 0.03549, 0.03944, 0.04293, 0.04883, 0.06096, 0.08185, 0.11001, 0.13177, 0.14158, 0.14154, 0.14184, 0.14289, 0.1449, 0.14744, 0.15001, 0.15216, 0.15456, 0.1569, 0.15835, 0.1602, 0.16248, 0.16413, 0.16502, 0.16559, 0.1666, 0.16724, 0.16785, 0.1681, 0.16861, 0.16908, 0.16998, 0.17011, 0.17066, 0.17067, 0.1712, 0.17146, 0.17124, 0.17185, 0.1718, 0.17214, 0.17214, 0.17259, 0.17231, 0.17224, 0.17195, 0.1716, 0.17113, 0.17128, 0.17162, 0.17115, 0.17093, 0.17087, 0.17091, 0.17086]
[0.00844, 0.01033, 0.01496, 0.01904, 0.02457, 0.02983, 0.03549, 0.03944, 0.04293, 0.04883, 0.06096, 0.08185, 0.11001, 0.13177, 0.14158, 0.14154, 0.14184, 0.14289, 0.1449, 0.14744, 0.15001, 0.15216, 0.15456, 0.1569, 0.15835, 0.1602, 0.16248, 0.16413, 0.16502, 0.16559, 0.1666, 0.16724, 0.16785, 0.1681, 0.16861, 0.16908, 0.16998, 0.17011, 0.17066, 0.17067, 0.1712, 0.17146, 0.17124, 0.17185, 0.1718, 0.17214, 0.17214, 0.17259, 0.17231, 0.17224, 0.17195, 0.1716, 0.17113, 0.17128, 0.17162, 0.17115, 0.17093, 0.17087, 0.17091, 0.17086, 0.17014]
[0.00844, 0.01033, 0.01496, 0.01904, 0.02457, 0.02983, 0.03549, 0.03944, 0.04293, 0.04883, 0.06096, 0.08185, 0.11001, 0.13177, 0.14158, 0.14154, 0.14184, 0.14289, 0.1449, 0.14744, 0.15001, 0.15216, 0.15456, 0.1569, 0.15835, 0.1602, 0.16248, 0.16413, 0.16502, 0.16559, 0.1666, 0.16724, 0.16785, 0.1681, 0.16861, 0.16908, 0.16998, 0.17011, 0.17066, 0.17067, 0.1712, 0.17146, 0.17124, 0.17185, 0.1718, 0.17214, 0.17214, 0.17259, 0.17231, 0.17224, 0.17195, 0.1716, 0.17113, 0.17128, 0.17162, 0.17115, 0.17093, 0.17087, 0.17091, 0.17086, 0.17014, 0.16997]
[0.00844, 0.01033, 0.01496, 0.01904, 0.02457, 0.02983, 0.03549, 0.03944, 0.04293, 0.04883, 0.06096, 0.08185, 0.11001, 0.13177, 0.14158, 0.14154, 0.14184, 0.14289, 0.1449, 0.14744, 0.15001, 0.15216, 0.15456, 0.1569, 0.15835, 0.1602, 0.16248, 0.16413, 0.16502, 0.16559, 0.1666, 0.16724, 0.16785, 0.1681, 0.16861, 0.16908, 0.16998, 0.17011, 0.17066, 0.17067, 0.1712, 0.17146, 0.17124, 0.17185, 0.1718, 0.17214, 0.17214, 0.17259, 0.17231, 0.17224, 0.17195, 0.1716, 0.17113, 0.17128, 0.17162, 0.17115, 0.17093, 0.17087, 0.17091, 0.17086, 0.17014, 0.16997, 0.16959]
[0.00844, 0.01033, 0.01496, 0.01904, 0.02457, 0.02983, 0.03549, 0.03944, 0.04293, 0.04883, 0.06096, 0.08185, 0.11001, 0.13177, 0.14158, 0.14154, 0.14184, 0.14289, 0.1449, 0.14744, 0.15001, 0.15216, 0.15456, 0.1569, 0.15835, 0.1602, 0.16248, 0.16413, 0.16502, 0.16559, 0.1666, 0.16724, 0.16785, 0.1681, 0.16861, 0.16908, 0.16998, 0.17011, 0.17066, 0.17067, 0.1712, 0.17146, 0.17124, 0.17185, 0.1718, 0.17214, 0.17214, 0.17259, 0.17231, 0.17224, 0.17195, 0.1716, 0.17113, 0.17128, 0.17162, 0.17115, 0.17093, 0.17087, 0.17091, 0.17086, 0.17014, 0.16997, 0.16959, 0.16944]
[0.00844, 0.01033, 0.01496, 0.01904, 0.02457, 0.02983, 0.03549, 0.03944, 0.04293, 0.04883, 0.06096, 0.08185, 0.11001, 0.13177, 0.14158, 0.14154, 0.14184, 0.14289, 0.1449, 0.14744, 0.15001, 0.15216, 0.15456, 0.1569, 0.15835, 0.1602, 0.16248, 0.16413, 0.16502, 0.16559, 0.1666, 0.16724, 0.16785, 0.1681, 0.16861, 0.16908, 0.16998, 0.17011, 0.17066, 0.17067, 0.1712, 0.17146, 0.17124, 0.17185, 0.1718, 0.17214, 0.17214, 0.17259, 0.17231, 0.17224, 0.17195, 0.1716, 0.17113, 0.17128, 0.17162, 0.17115, 0.17093, 0.17087, 0.17091, 0.17086, 0.17014, 0.16997, 0.16959, 0.16944, 0.16915]
[0.00844, 0.01033, 0.01496, 0.01904, 0.02457, 0.02983, 0.03549, 0.03944, 0.04293, 0.04883, 0.06096, 0.08185, 0.11001, 0.13177, 0.14158, 0.14154, 0.14184, 0.14289, 0.1449, 0.14744, 0.15001, 0.15216, 0.15456, 0.1569, 0.15835, 0.1602, 0.16248, 0.16413, 0.16502, 0.16559, 0.1666, 0.16724, 0.16785, 0.1681, 0.16861, 0.16908, 0.16998, 0.17011, 0.17066, 0.17067, 0.1712, 0.17146, 0.17124, 0.17185, 0.1718, 0.17214, 0.17214, 0.17259, 0.17231, 0.17224, 0.17195, 0.1716, 0.17113, 0.17128, 0.17162, 0.17115, 0.17093, 0.17087, 0.17091, 0.17086, 0.17014, 0.16997, 0.16959, 0.16944, 0.16915, 0.16884]
[0.00844, 0.01033, 0.01496, 0.01904, 0.02457, 0.02983, 0.03549, 0.03944, 0.04293, 0.04883, 0.06096, 0.08185, 0.11001, 0.13177, 0.14158, 0.14154, 0.14184, 0.14289, 0.1449, 0.14744, 0.15001, 0.15216, 0.15456, 0.1569, 0.15835, 0.1602, 0.16248, 0.16413, 0.16502, 0.16559, 0.1666, 0.16724, 0.16785, 0.1681, 0.16861, 0.16908, 0.16998, 0.17011, 0.17066, 0.17067, 0.1712, 0.17146, 0.17124, 0.17185, 0.1718, 0.17214, 0.17214, 0.17259, 0.17231, 0.17224, 0.17195, 0.1716, 0.17113, 0.17128, 0.17162, 0.17115, 0.17093, 0.17087, 0.17091, 0.17086, 0.17014, 0.16997, 0.16959, 0.16944, 0.16915, 0.16884, 0.16841]
[0.00844, 0.01033, 0.01496, 0.01904, 0.02457, 0.02983, 0.03549, 0.03944, 0.04293, 0.04883, 0.06096, 0.08185, 0.11001, 0.13177, 0.14158, 0.14154, 0.14184, 0.14289, 0.1449, 0.14744, 0.15001, 0.15216, 0.15456, 0.1569, 0.15835, 0.1602, 0.16248, 0.16413, 0.16502, 0.16559, 0.1666, 0.16724, 0.16785, 0.1681, 0.16861, 0.16908, 0.16998, 0.17011, 0.17066, 0.17067, 0.1712, 0.17146, 0.17124, 0.17185, 0.1718, 0.17214, 0.17214, 0.17259, 0.17231, 0.17224, 0.17195, 0.1716, 0.17113, 0.17128, 0.17162, 0.17115, 0.17093, 0.17087, 0.17091, 0.17086, 0.17014, 0.16997, 0.16959, 0.16944, 0.16915, 0.16884, 0.16841, 0.16783]
[0.00844, 0.01033, 0.01496, 0.01904, 0.02457, 0.02983, 0.03549, 0.03944, 0.04293, 0.04883, 0.06096, 0.08185, 0.11001, 0.13177, 0.14158, 0.14154, 0.14184, 0.14289, 0.1449, 0.14744, 0.15001, 0.15216, 0.15456, 0.1569, 0.15835, 0.1602, 0.16248, 0.16413, 0.16502, 0.16559, 0.1666, 0.16724, 0.16785, 0.1681, 0.16861, 0.16908, 0.16998, 0.17011, 0.17066, 0.17067, 0.1712, 0.17146, 0.17124, 0.17185, 0.1718, 0.17214, 0.17214, 0.17259, 0.17231, 0.17224, 0.17195, 0.1716, 0.17113, 0.17128, 0.17162, 0.17115, 0.17093, 0.17087, 0.17091, 0.17086, 0.17014, 0.16997, 0.16959, 0.16944, 0.16915, 0.16884, 0.16841, 0.16783, 0.16756]
[0.00844, 0.01033, 0.01496, 0.01904, 0.02457, 0.02983, 0.03549, 0.03944, 0.04293, 0.04883, 0.06096, 0.08185, 0.11001, 0.13177, 0.14158, 0.14154, 0.14184, 0.14289, 0.1449, 0.14744, 0.15001, 0.15216, 0.15456, 0.1569, 0.15835, 0.1602, 0.16248, 0.16413, 0.16502, 0.16559, 0.1666, 0.16724, 0.16785, 0.1681, 0.16861, 0.16908, 0.16998, 0.17011, 0.17066, 0.17067, 0.1712, 0.17146, 0.17124, 0.17185, 0.1718, 0.17214, 0.17214, 0.17259, 0.17231, 0.17224, 0.17195, 0.1716, 0.17113, 0.17128, 0.17162, 0.17115, 0.17093, 0.17087, 0.17091, 0.17086, 0.17014, 0.16997, 0.16959, 0.16944, 0.16915, 0.16884, 0.16841, 0.16783, 0.16756, 0.16713]
[0.00844, 0.01033, 0.01496, 0.01904, 0.02457, 0.02983, 0.03549, 0.03944, 0.04293, 0.04883, 0.06096, 0.08185, 0.11001, 0.13177, 0.14158, 0.14154, 0.14184, 0.14289, 0.1449, 0.14744, 0.15001, 0.15216, 0.15456, 0.1569, 0.15835, 0.1602, 0.16248, 0.16413, 0.16502, 0.16559, 0.1666, 0.16724, 0.16785, 0.1681, 0.16861, 0.16908, 0.16998, 0.17011, 0.17066, 0.17067, 0.1712, 0.17146, 0.17124, 0.17185, 0.1718, 0.17214, 0.17214, 0.17259, 0.17231, 0.17224, 0.17195, 0.1716, 0.17113, 0.17128, 0.17162, 0.17115, 0.17093, 0.17087, 0.17091, 0.17086, 0.17014, 0.16997, 0.16959, 0.16944, 0.16915, 0.16884, 0.16841, 0.16783, 0.16756, 0.16713, 0.16658]
[0.00844, 0.01033, 0.01496, 0.01904, 0.02457, 0.02983, 0.03549, 0.03944, 0.04293, 0.04883, 0.06096, 0.08185, 0.11001, 0.13177, 0.14158, 0.14154, 0.14184, 0.14289, 0.1449, 0.14744, 0.15001, 0.15216, 0.15456, 0.1569, 0.15835, 0.1602, 0.16248, 0.16413, 0.16502, 0.16559, 0.1666, 0.16724, 0.16785, 0.1681, 0.16861, 0.16908, 0.16998, 0.17011, 0.17066, 0.17067, 0.1712, 0.17146, 0.17124, 0.17185, 0.1718, 0.17214, 0.17214, 0.17259, 0.17231, 0.17224, 0.17195, 0.1716, 0.17113, 0.17128, 0.17162, 0.17115, 0.17093, 0.17087, 0.17091, 0.17086, 0.17014, 0.16997, 0.16959, 0.16944, 0.16915, 0.16884, 0.16841, 0.16783, 0.16756, 0.16713, 0.16658, 0.166]
[0.00844, 0.01033, 0.01496, 0.01904, 0.02457, 0.02983, 0.03549, 0.03944, 0.04293, 0.04883, 0.06096, 0.08185, 0.11001, 0.13177, 0.14158, 0.14154, 0.14184, 0.14289, 0.1449, 0.14744, 0.15001, 0.15216, 0.15456, 0.1569, 0.15835, 0.1602, 0.16248, 0.16413, 0.16502, 0.16559, 0.1666, 0.16724, 0.16785, 0.1681, 0.16861, 0.16908, 0.16998, 0.17011, 0.17066, 0.17067, 0.1712, 0.17146, 0.17124, 0.17185, 0.1718, 0.17214, 0.17214, 0.17259, 0.17231, 0.17224, 0.17195, 0.1716, 0.17113, 0.17128, 0.17162, 0.17115, 0.17093, 0.17087, 0.17091, 0.17086, 0.17014, 0.16997, 0.16959, 0.16944, 0.16915, 0.16884, 0.16841, 0.16783, 0.16756, 0.16713, 0.16658, 0.166, 0.16561]
[0.00844, 0.01033, 0.01496, 0.01904, 0.02457, 0.02983, 0.03549, 0.03944, 0.04293, 0.04883, 0.06096, 0.08185, 0.11001, 0.13177, 0.14158, 0.14154, 0.14184, 0.14289, 0.1449, 0.14744, 0.15001, 0.15216, 0.15456, 0.1569, 0.15835, 0.1602, 0.16248, 0.16413, 0.16502, 0.16559, 0.1666, 0.16724, 0.16785, 0.1681, 0.16861, 0.16908, 0.16998, 0.17011, 0.17066, 0.17067, 0.1712, 0.17146, 0.17124, 0.17185, 0.1718, 0.17214, 0.17214, 0.17259, 0.17231, 0.17224, 0.17195, 0.1716, 0.17113, 0.17128, 0.17162, 0.17115, 0.17093, 0.17087, 0.17091, 0.17086, 0.17014, 0.16997, 0.16959, 0.16944, 0.16915, 0.16884, 0.16841, 0.16783, 0.16756, 0.16713, 0.16658, 0.166, 0.16561, 0.16475]
[0.00844, 0.01033, 0.01496, 0.01904, 0.02457, 0.02983, 0.03549, 0.03944, 0.04293, 0.04883, 0.06096, 0.08185, 0.11001, 0.13177, 0.14158, 0.14154, 0.14184, 0.14289, 0.1449, 0.14744, 0.15001, 0.15216, 0.15456, 0.1569, 0.15835, 0.1602, 0.16248, 0.16413, 0.16502, 0.16559, 0.1666, 0.16724, 0.16785, 0.1681, 0.16861, 0.16908, 0.16998, 0.17011, 0.17066, 0.17067, 0.1712, 0.17146, 0.17124, 0.17185, 0.1718, 0.17214, 0.17214, 0.17259, 0.17231, 0.17224, 0.17195, 0.1716, 0.17113, 0.17128, 0.17162, 0.17115, 0.17093, 0.17087, 0.17091, 0.17086, 0.17014, 0.16997, 0.16959, 0.16944, 0.16915, 0.16884, 0.16841, 0.16783, 0.16756, 0.16713, 0.16658, 0.166, 0.16561, 0.16475, 0.16407]
[0.00844, 0.01033, 0.01496, 0.01904, 0.02457, 0.02983, 0.03549, 0.03944, 0.04293, 0.04883, 0.06096, 0.08185, 0.11001, 0.13177, 0.14158, 0.14154, 0.14184, 0.14289, 0.1449, 0.14744, 0.15001, 0.15216, 0.15456, 0.1569, 0.15835, 0.1602, 0.16248, 0.16413, 0.16502, 0.16559, 0.1666, 0.16724, 0.16785, 0.1681, 0.16861, 0.16908, 0.16998, 0.17011, 0.17066, 0.17067, 0.1712, 0.17146, 0.17124, 0.17185, 0.1718, 0.17214, 0.17214, 0.17259, 0.17231, 0.17224, 0.17195, 0.1716, 0.17113, 0.17128, 0.17162, 0.17115, 0.17093, 0.17087, 0.17091, 0.17086, 0.17014, 0.16997, 0.16959, 0.16944, 0.16915, 0.16884, 0.16841, 0.16783, 0.16756, 0.16713, 0.16658, 0.166, 0.16561, 0.16475, 0.16407, 0.16334]
[0.00844, 0.01033, 0.01496, 0.01904, 0.02457, 0.02983, 0.03549, 0.03944, 0.04293, 0.04883, 0.06096, 0.08185, 0.11001, 0.13177, 0.14158, 0.14154, 0.14184, 0.14289, 0.1449, 0.14744, 0.15001, 0.15216, 0.15456, 0.1569, 0.15835, 0.1602, 0.16248, 0.16413, 0.16502, 0.16559, 0.1666, 0.16724, 0.16785, 0.1681, 0.16861, 0.16908, 0.16998, 0.17011, 0.17066, 0.17067, 0.1712, 0.17146, 0.17124, 0.17185, 0.1718, 0.17214, 0.17214, 0.17259, 0.17231, 0.17224, 0.17195, 0.1716, 0.17113, 0.17128, 0.17162, 0.17115, 0.17093, 0.17087, 0.17091, 0.17086, 0.17014, 0.16997, 0.16959, 0.16944, 0.16915, 0.16884, 0.16841, 0.16783, 0.16756, 0.16713, 0.16658, 0.166, 0.16561, 0.16475, 0.16407, 0.16334, 0.16271]
[0.00844, 0.01033, 0.01496, 0.01904, 0.02457, 0.02983, 0.03549, 0.03944, 0.04293, 0.04883, 0.06096, 0.08185, 0.11001, 0.13177, 0.14158, 0.14154, 0.14184, 0.14289, 0.1449, 0.14744, 0.15001, 0.15216, 0.15456, 0.1569, 0.15835, 0.1602, 0.16248, 0.16413, 0.16502, 0.16559, 0.1666, 0.16724, 0.16785, 0.1681, 0.16861, 0.16908, 0.16998, 0.17011, 0.17066, 0.17067, 0.1712, 0.17146, 0.17124, 0.17185, 0.1718, 0.17214, 0.17214, 0.17259, 0.17231, 0.17224, 0.17195, 0.1716, 0.17113, 0.17128, 0.17162, 0.17115, 0.17093, 0.17087, 0.17091, 0.17086, 0.17014, 0.16997, 0.16959, 0.16944, 0.16915, 0.16884, 0.16841, 0.16783, 0.16756, 0.16713, 0.16658, 0.166, 0.16561, 0.16475, 0.16407, 0.16334, 0.16271, 0.16202]
[0.00844, 0.01033, 0.01496, 0.01904, 0.02457, 0.02983, 0.03549, 0.03944, 0.04293, 0.04883, 0.06096, 0.08185, 0.11001, 0.13177, 0.14158, 0.14154, 0.14184, 0.14289, 0.1449, 0.14744, 0.15001, 0.15216, 0.15456, 0.1569, 0.15835, 0.1602, 0.16248, 0.16413, 0.16502, 0.16559, 0.1666, 0.16724, 0.16785, 0.1681, 0.16861, 0.16908, 0.16998, 0.17011, 0.17066, 0.17067, 0.1712, 0.17146, 0.17124, 0.17185, 0.1718, 0.17214, 0.17214, 0.17259, 0.17231, 0.17224, 0.17195, 0.1716, 0.17113, 0.17128, 0.17162, 0.17115, 0.17093, 0.17087, 0.17091, 0.17086, 0.17014, 0.16997, 0.16959, 0.16944, 0.16915, 0.16884, 0.16841, 0.16783, 0.16756, 0.16713, 0.16658, 0.166, 0.16561, 0.16475, 0.16407, 0.16334, 0.16271, 0.16202, 0.16123]
[0.00844, 0.01033, 0.01496, 0.01904, 0.02457, 0.02983, 0.03549, 0.03944, 0.04293, 0.04883, 0.06096, 0.08185, 0.11001, 0.13177, 0.14158, 0.14154, 0.14184, 0.14289, 0.1449, 0.14744, 0.15001, 0.15216, 0.15456, 0.1569, 0.15835, 0.1602, 0.16248, 0.16413, 0.16502, 0.16559, 0.1666, 0.16724, 0.16785, 0.1681, 0.16861, 0.16908, 0.16998, 0.17011, 0.17066, 0.17067, 0.1712, 0.17146, 0.17124, 0.17185, 0.1718, 0.17214, 0.17214, 0.17259, 0.17231, 0.17224, 0.17195, 0.1716, 0.17113, 0.17128, 0.17162, 0.17115, 0.17093, 0.17087, 0.17091, 0.17086, 0.17014, 0.16997, 0.16959, 0.16944, 0.16915, 0.16884, 0.16841, 0.16783, 0.16756, 0.16713, 0.16658, 0.166, 0.16561, 0.16475, 0.16407, 0.16334, 0.16271, 0.16202, 0.16123, 0.1605]
[0.00844, 0.01033, 0.01496, 0.01904, 0.02457, 0.02983, 0.03549, 0.03944, 0.04293, 0.04883, 0.06096, 0.08185, 0.11001, 0.13177, 0.14158, 0.14154, 0.14184, 0.14289, 0.1449, 0.14744, 0.15001, 0.15216, 0.15456, 0.1569, 0.15835, 0.1602, 0.16248, 0.16413, 0.16502, 0.16559, 0.1666, 0.16724, 0.16785, 0.1681, 0.16861, 0.16908, 0.16998, 0.17011, 0.17066, 0.17067, 0.1712, 0.17146, 0.17124, 0.17185, 0.1718, 0.17214, 0.17214, 0.17259, 0.17231, 0.17224, 0.17195, 0.1716, 0.17113, 0.17128, 0.17162, 0.17115, 0.17093, 0.17087, 0.17091, 0.17086, 0.17014, 0.16997, 0.16959, 0.16944, 0.16915, 0.16884, 0.16841, 0.16783, 0.16756, 0.16713, 0.16658, 0.166, 0.16561, 0.16475, 0.16407, 0.16334, 0.16271, 0.16202, 0.16123, 0.1605, 0.15977]
[0.00844, 0.01033, 0.01496, 0.01904, 0.02457, 0.02983, 0.03549, 0.03944, 0.04293, 0.04883, 0.06096, 0.08185, 0.11001, 0.13177, 0.14158, 0.14154, 0.14184, 0.14289, 0.1449, 0.14744, 0.15001, 0.15216, 0.15456, 0.1569, 0.15835, 0.1602, 0.16248, 0.16413, 0.16502, 0.16559, 0.1666, 0.16724, 0.16785, 0.1681, 0.16861, 0.16908, 0.16998, 0.17011, 0.17066, 0.17067, 0.1712, 0.17146, 0.17124, 0.17185, 0.1718, 0.17214, 0.17214, 0.17259, 0.17231, 0.17224, 0.17195, 0.1716, 0.17113, 0.17128, 0.17162, 0.17115, 0.17093, 0.17087, 0.17091, 0.17086, 0.17014, 0.16997, 0.16959, 0.16944, 0.16915, 0.16884, 0.16841, 0.16783, 0.16756, 0.16713, 0.16658, 0.166, 0.16561, 0.16475, 0.16407, 0.16334, 0.16271, 0.16202, 0.16123, 0.1605, 0.15977, 0.15885]
[0.00844, 0.01033, 0.01496, 0.01904, 0.02457, 0.02983, 0.03549, 0.03944, 0.04293, 0.04883, 0.06096, 0.08185, 0.11001, 0.13177, 0.14158, 0.14154, 0.14184, 0.14289, 0.1449, 0.14744, 0.15001, 0.15216, 0.15456, 0.1569, 0.15835, 0.1602, 0.16248, 0.16413, 0.16502, 0.16559, 0.1666, 0.16724, 0.16785, 0.1681, 0.16861, 0.16908, 0.16998, 0.17011, 0.17066, 0.17067, 0.1712, 0.17146, 0.17124, 0.17185, 0.1718, 0.17214, 0.17214, 0.17259, 0.17231, 0.17224, 0.17195, 0.1716, 0.17113, 0.17128, 0.17162, 0.17115, 0.17093, 0.17087, 0.17091, 0.17086, 0.17014, 0.16997, 0.16959, 0.16944, 0.16915, 0.16884, 0.16841, 0.16783, 0.16756, 0.16713, 0.16658, 0.166, 0.16561, 0.16475, 0.16407, 0.16334, 0.16271, 0.16202, 0.16123, 0.1605, 0.15977, 0.15885, 0.15838]
[0.00844, 0.01033, 0.01496, 0.01904, 0.02457, 0.02983, 0.03549, 0.03944, 0.04293, 0.04883, 0.06096, 0.08185, 0.11001, 0.13177, 0.14158, 0.14154, 0.14184, 0.14289, 0.1449, 0.14744, 0.15001, 0.15216, 0.15456, 0.1569, 0.15835, 0.1602, 0.16248, 0.16413, 0.16502, 0.16559, 0.1666, 0.16724, 0.16785, 0.1681, 0.16861, 0.16908, 0.16998, 0.17011, 0.17066, 0.17067, 0.1712, 0.17146, 0.17124, 0.17185, 0.1718, 0.17214, 0.17214, 0.17259, 0.17231, 0.17224, 0.17195, 0.1716, 0.17113, 0.17128, 0.17162, 0.17115, 0.17093, 0.17087, 0.17091, 0.17086, 0.17014, 0.16997, 0.16959, 0.16944, 0.16915, 0.16884, 0.16841, 0.16783, 0.16756, 0.16713, 0.16658, 0.166, 0.16561, 0.16475, 0.16407, 0.16334, 0.16271, 0.16202, 0.16123, 0.1605, 0.15977, 0.15885, 0.15838, 0.15757]
[0.00844, 0.01033, 0.01496, 0.01904, 0.02457, 0.02983, 0.03549, 0.03944, 0.04293, 0.04883, 0.06096, 0.08185, 0.11001, 0.13177, 0.14158, 0.14154, 0.14184, 0.14289, 0.1449, 0.14744, 0.15001, 0.15216, 0.15456, 0.1569, 0.15835, 0.1602, 0.16248, 0.16413, 0.16502, 0.16559, 0.1666, 0.16724, 0.16785, 0.1681, 0.16861, 0.16908, 0.16998, 0.17011, 0.17066, 0.17067, 0.1712, 0.17146, 0.17124, 0.17185, 0.1718, 0.17214, 0.17214, 0.17259, 0.17231, 0.17224, 0.17195, 0.1716, 0.17113, 0.17128, 0.17162, 0.17115, 0.17093, 0.17087, 0.17091, 0.17086, 0.17014, 0.16997, 0.16959, 0.16944, 0.16915, 0.16884, 0.16841, 0.16783, 0.16756, 0.16713, 0.16658, 0.166, 0.16561, 0.16475, 0.16407, 0.16334, 0.16271, 0.16202, 0.16123, 0.1605, 0.15977, 0.15885, 0.15838, 0.15757, 0.15683]
[0.00844, 0.01033, 0.01496, 0.01904, 0.02457, 0.02983, 0.03549, 0.03944, 0.04293, 0.04883, 0.06096, 0.08185, 0.11001, 0.13177, 0.14158, 0.14154, 0.14184, 0.14289, 0.1449, 0.14744, 0.15001, 0.15216, 0.15456, 0.1569, 0.15835, 0.1602, 0.16248, 0.16413, 0.16502, 0.16559, 0.1666, 0.16724, 0.16785, 0.1681, 0.16861, 0.16908, 0.16998, 0.17011, 0.17066, 0.17067, 0.1712, 0.17146, 0.17124, 0.17185, 0.1718, 0.17214, 0.17214, 0.17259, 0.17231, 0.17224, 0.17195, 0.1716, 0.17113, 0.17128, 0.17162, 0.17115, 0.17093, 0.17087, 0.17091, 0.17086, 0.17014, 0.16997, 0.16959, 0.16944, 0.16915, 0.16884, 0.16841, 0.16783, 0.16756, 0.16713, 0.16658, 0.166, 0.16561, 0.16475, 0.16407, 0.16334, 0.16271, 0.16202, 0.16123, 0.1605, 0.15977, 0.15885, 0.15838, 0.15757, 0.15683, 0.15592]
[0.00844, 0.01033, 0.01496, 0.01904, 0.02457, 0.02983, 0.03549, 0.03944, 0.04293, 0.04883, 0.06096, 0.08185, 0.11001, 0.13177, 0.14158, 0.14154, 0.14184, 0.14289, 0.1449, 0.14744, 0.15001, 0.15216, 0.15456, 0.1569, 0.15835, 0.1602, 0.16248, 0.16413, 0.16502, 0.16559, 0.1666, 0.16724, 0.16785, 0.1681, 0.16861, 0.16908, 0.16998, 0.17011, 0.17066, 0.17067, 0.1712, 0.17146, 0.17124, 0.17185, 0.1718, 0.17214, 0.17214, 0.17259, 0.17231, 0.17224, 0.17195, 0.1716, 0.17113, 0.17128, 0.17162, 0.17115, 0.17093, 0.17087, 0.17091, 0.17086, 0.17014, 0.16997, 0.16959, 0.16944, 0.16915, 0.16884, 0.16841, 0.16783, 0.16756, 0.16713, 0.16658, 0.166, 0.16561, 0.16475, 0.16407, 0.16334, 0.16271, 0.16202, 0.16123, 0.1605, 0.15977, 0.15885, 0.15838, 0.15757, 0.15683, 0.15592, 0.15508]
[0.00844, 0.01033, 0.01496, 0.01904, 0.02457, 0.02983, 0.03549, 0.03944, 0.04293, 0.04883, 0.06096, 0.08185, 0.11001, 0.13177, 0.14158, 0.14154, 0.14184, 0.14289, 0.1449, 0.14744, 0.15001, 0.15216, 0.15456, 0.1569, 0.15835, 0.1602, 0.16248, 0.16413, 0.16502, 0.16559, 0.1666, 0.16724, 0.16785, 0.1681, 0.16861, 0.16908, 0.16998, 0.17011, 0.17066, 0.17067, 0.1712, 0.17146, 0.17124, 0.17185, 0.1718, 0.17214, 0.17214, 0.17259, 0.17231, 0.17224, 0.17195, 0.1716, 0.17113, 0.17128, 0.17162, 0.17115, 0.17093, 0.17087, 0.17091, 0.17086, 0.17014, 0.16997, 0.16959, 0.16944, 0.16915, 0.16884, 0.16841, 0.16783, 0.16756, 0.16713, 0.16658, 0.166, 0.16561, 0.16475, 0.16407, 0.16334, 0.16271, 0.16202, 0.16123, 0.1605, 0.15977, 0.15885, 0.15838, 0.15757, 0.15683, 0.15592, 0.15508, 0.15382]
[0.00844, 0.01033, 0.01496, 0.01904, 0.02457, 0.02983, 0.03549, 0.03944, 0.04293, 0.04883, 0.06096, 0.08185, 0.11001, 0.13177, 0.14158, 0.14154, 0.14184, 0.14289, 0.1449, 0.14744, 0.15001, 0.15216, 0.15456, 0.1569, 0.15835, 0.1602, 0.16248, 0.16413, 0.16502, 0.16559, 0.1666, 0.16724, 0.16785, 0.1681, 0.16861, 0.16908, 0.16998, 0.17011, 0.17066, 0.17067, 0.1712, 0.17146, 0.17124, 0.17185, 0.1718, 0.17214, 0.17214, 0.17259, 0.17231, 0.17224, 0.17195, 0.1716, 0.17113, 0.17128, 0.17162, 0.17115, 0.17093, 0.17087, 0.17091, 0.17086, 0.17014, 0.16997, 0.16959, 0.16944, 0.16915, 0.16884, 0.16841, 0.16783, 0.16756, 0.16713, 0.16658, 0.166, 0.16561, 0.16475, 0.16407, 0.16334, 0.16271, 0.16202, 0.16123, 0.1605, 0.15977, 0.15885, 0.15838, 0.15757, 0.15683, 0.15592, 0.15508, 0.15382, 0.153]
[0.00844, 0.01033, 0.01496, 0.01904, 0.02457, 0.02983, 0.03549, 0.03944, 0.04293, 0.04883, 0.06096, 0.08185, 0.11001, 0.13177, 0.14158, 0.14154, 0.14184, 0.14289, 0.1449, 0.14744, 0.15001, 0.15216, 0.15456, 0.1569, 0.15835, 0.1602, 0.16248, 0.16413, 0.16502, 0.16559, 0.1666, 0.16724, 0.16785, 0.1681, 0.16861, 0.16908, 0.16998, 0.17011, 0.17066, 0.17067, 0.1712, 0.17146, 0.17124, 0.17185, 0.1718, 0.17214, 0.17214, 0.17259, 0.17231, 0.17224, 0.17195, 0.1716, 0.17113, 0.17128, 0.17162, 0.17115, 0.17093, 0.17087, 0.17091, 0.17086, 0.17014, 0.16997, 0.16959, 0.16944, 0.16915, 0.16884, 0.16841, 0.16783, 0.16756, 0.16713, 0.16658, 0.166, 0.16561, 0.16475, 0.16407, 0.16334, 0.16271, 0.16202, 0.16123, 0.1605, 0.15977, 0.15885, 0.15838, 0.15757, 0.15683, 0.15592, 0.15508, 0.15382, 0.153, 0.15254]
[0.00844, 0.01033, 0.01496, 0.01904, 0.02457, 0.02983, 0.03549, 0.03944, 0.04293, 0.04883, 0.06096, 0.08185, 0.11001, 0.13177, 0.14158, 0.14154, 0.14184, 0.14289, 0.1449, 0.14744, 0.15001, 0.15216, 0.15456, 0.1569, 0.15835, 0.1602, 0.16248, 0.16413, 0.16502, 0.16559, 0.1666, 0.16724, 0.16785, 0.1681, 0.16861, 0.16908, 0.16998, 0.17011, 0.17066, 0.17067, 0.1712, 0.17146, 0.17124, 0.17185, 0.1718, 0.17214, 0.17214, 0.17259, 0.17231, 0.17224, 0.17195, 0.1716, 0.17113, 0.17128, 0.17162, 0.17115, 0.17093, 0.17087, 0.17091, 0.17086, 0.17014, 0.16997, 0.16959, 0.16944, 0.16915, 0.16884, 0.16841, 0.16783, 0.16756, 0.16713, 0.16658, 0.166, 0.16561, 0.16475, 0.16407, 0.16334, 0.16271, 0.16202, 0.16123, 0.1605, 0.15977, 0.15885, 0.15838, 0.15757, 0.15683, 0.15592, 0.15508, 0.15382, 0.153, 0.15254, 0.1523]
[0.00844, 0.01033, 0.01496, 0.01904, 0.02457, 0.02983, 0.03549, 0.03944, 0.04293, 0.04883, 0.06096, 0.08185, 0.11001, 0.13177, 0.14158, 0.14154, 0.14184, 0.14289, 0.1449, 0.14744, 0.15001, 0.15216, 0.15456, 0.1569, 0.15835, 0.1602, 0.16248, 0.16413, 0.16502, 0.16559, 0.1666, 0.16724, 0.16785, 0.1681, 0.16861, 0.16908, 0.16998, 0.17011, 0.17066, 0.17067, 0.1712, 0.17146, 0.17124, 0.17185, 0.1718, 0.17214, 0.17214, 0.17259, 0.17231, 0.17224, 0.17195, 0.1716, 0.17113, 0.17128, 0.17162, 0.17115, 0.17093, 0.17087, 0.17091, 0.17086, 0.17014, 0.16997, 0.16959, 0.16944, 0.16915, 0.16884, 0.16841, 0.16783, 0.16756, 0.16713, 0.16658, 0.166, 0.16561, 0.16475, 0.16407, 0.16334, 0.16271, 0.16202, 0.16123, 0.1605, 0.15977, 0.15885, 0.15838, 0.15757, 0.15683, 0.15592, 0.15508, 0.15382, 0.153, 0.15254, 0.1523, 0.15169]
[0.00844, 0.01033, 0.01496, 0.01904, 0.02457, 0.02983, 0.03549, 0.03944, 0.04293, 0.04883, 0.06096, 0.08185, 0.11001, 0.13177, 0.14158, 0.14154, 0.14184, 0.14289, 0.1449, 0.14744, 0.15001, 0.15216, 0.15456, 0.1569, 0.15835, 0.1602, 0.16248, 0.16413, 0.16502, 0.16559, 0.1666, 0.16724, 0.16785, 0.1681, 0.16861, 0.16908, 0.16998, 0.17011, 0.17066, 0.17067, 0.1712, 0.17146, 0.17124, 0.17185, 0.1718, 0.17214, 0.17214, 0.17259, 0.17231, 0.17224, 0.17195, 0.1716, 0.17113, 0.17128, 0.17162, 0.17115, 0.17093, 0.17087, 0.17091, 0.17086, 0.17014, 0.16997, 0.16959, 0.16944, 0.16915, 0.16884, 0.16841, 0.16783, 0.16756, 0.16713, 0.16658, 0.166, 0.16561, 0.16475, 0.16407, 0.16334, 0.16271, 0.16202, 0.16123, 0.1605, 0.15977, 0.15885, 0.15838, 0.15757, 0.15683, 0.15592, 0.15508, 0.15382, 0.153, 0.15254, 0.1523, 0.15169, 0.15118]
[0.00844, 0.01033, 0.01496, 0.01904, 0.02457, 0.02983, 0.03549, 0.03944, 0.04293, 0.04883, 0.06096, 0.08185, 0.11001, 0.13177, 0.14158, 0.14154, 0.14184, 0.14289, 0.1449, 0.14744, 0.15001, 0.15216, 0.15456, 0.1569, 0.15835, 0.1602, 0.16248, 0.16413, 0.16502, 0.16559, 0.1666, 0.16724, 0.16785, 0.1681, 0.16861, 0.16908, 0.16998, 0.17011, 0.17066, 0.17067, 0.1712, 0.17146, 0.17124, 0.17185, 0.1718, 0.17214, 0.17214, 0.17259, 0.17231, 0.17224, 0.17195, 0.1716, 0.17113, 0.17128, 0.17162, 0.17115, 0.17093, 0.17087, 0.17091, 0.17086, 0.17014, 0.16997, 0.16959, 0.16944, 0.16915, 0.16884, 0.16841, 0.16783, 0.16756, 0.16713, 0.16658, 0.166, 0.16561, 0.16475, 0.16407, 0.16334, 0.16271, 0.16202, 0.16123, 0.1605, 0.15977, 0.15885, 0.15838, 0.15757, 0.15683, 0.15592, 0.15508, 0.15382, 0.153, 0.15254, 0.1523, 0.15169, 0.15118, 0.15006]
[0.00844, 0.01033, 0.01496, 0.01904, 0.02457, 0.02983, 0.03549, 0.03944, 0.04293, 0.04883, 0.06096, 0.08185, 0.11001, 0.13177, 0.14158, 0.14154, 0.14184, 0.14289, 0.1449, 0.14744, 0.15001, 0.15216, 0.15456, 0.1569, 0.15835, 0.1602, 0.16248, 0.16413, 0.16502, 0.16559, 0.1666, 0.16724, 0.16785, 0.1681, 0.16861, 0.16908, 0.16998, 0.17011, 0.17066, 0.17067, 0.1712, 0.17146, 0.17124, 0.17185, 0.1718, 0.17214, 0.17214, 0.17259, 0.17231, 0.17224, 0.17195, 0.1716, 0.17113, 0.17128, 0.17162, 0.17115, 0.17093, 0.17087, 0.17091, 0.17086, 0.17014, 0.16997, 0.16959, 0.16944, 0.16915, 0.16884, 0.16841, 0.16783, 0.16756, 0.16713, 0.16658, 0.166, 0.16561, 0.16475, 0.16407, 0.16334, 0.16271, 0.16202, 0.16123, 0.1605, 0.15977, 0.15885, 0.15838, 0.15757, 0.15683, 0.15592, 0.15508, 0.15382, 0.153, 0.15254, 0.1523, 0.15169, 0.15118, 0.15006, 0.14935]
